0.0 0.379967
0.005 0.379966
0.01 0.379963
0.015 0.379958
0.02 0.379951
0.025 0.379942
0.03 0.37993
0.035 0.379917
0.04 0.379902
0.045 0.379884
0.05 0.379864
0.055 0.379843
0.06 0.379819
0.065 0.379793
0.07 0.379766
0.075 0.379736
0.08 0.379704
0.085 0.37967
0.09 0.379634
0.095 0.379596
0.1 0.379556
0.105 0.379514
0.11 0.379469
0.115 0.379423
0.12 0.379375
0.125 0.379325
0.13 0.379272
0.135 0.379218
0.14 0.379161
0.145 0.379103
0.15 0.379042
0.155 0.37898
0.16 0.378915
0.165 0.378849
0.17 0.37878
0.175 0.378709
0.18 0.378637
0.185 0.378562
0.19 0.378485
0.195 0.378407
0.2 0.378326
0.205 0.378243
0.21 0.378158
0.215 0.378072
0.22 0.377983
0.225 0.377892
0.23 0.377799
0.235 0.377704
0.24 0.377608
0.245 0.377509
0.25 0.377408
0.255 0.377305
0.26 0.377201
0.265 0.377094
0.27 0.376985
0.275 0.376875
0.28 0.376762
0.285 0.376648
0.29 0.376531
0.295 0.376413
0.3 0.376292
0.305 0.37617
0.31 0.376046
0.315 0.375919
0.32 0.375791
0.325 0.375661
0.33 0.375529
0.335 0.375395
0.34 0.375259
0.345 0.375121
0.35 0.374981
0.355 0.37484
0.36 0.374696
0.365 0.374551
0.37 0.374403
0.375 0.374254
0.38 0.374103
0.385 0.37395
0.39 0.373795
0.395 0.373638
0.4 0.373479
0.405 0.373319
0.41 0.373156
0.415 0.372992
0.42 0.372826
0.425 0.372658
0.43 0.372488
0.435 0.372316
0.44 0.372143
0.445 0.371967
0.45 0.37179
0.455 0.371611
0.46 0.371431
0.465 0.371248
0.47 0.371064
0.475 0.370877
0.48 0.370689
0.485 0.3705
0.49 0.370308
0.495 0.370115
0.5 0.36992
0.505 0.369723
0.51 0.369524
0.515 0.369324
0.52 0.369122
0.525 0.368918
0.53 0.368712
0.535 0.368505
0.54 0.368296
0.545 0.368085
0.55 0.367872
0.555 0.367658
0.56 0.367442
0.565 0.367225
0.57 0.367005
0.575 0.366784
0.58 0.366562
0.585 0.366337
0.59 0.366111
0.595 0.365884
0.6 0.365654
0.605 0.365423
0.61 0.365191
0.615 0.364957
0.62 0.364721
0.625 0.364483
0.63 0.364244
0.635 0.364003
0.64 0.363761
0.645 0.363517
0.65 0.363272
0.655 0.363025
0.66 0.362776
0.665 0.362526
0.67 0.362274
0.675 0.362021
0.68 0.361766
0.685 0.36151
0.69 0.361252
0.695 0.360992
0.7 0.360731
0.705 0.360469
0.71 0.360205
0.715 0.359939
0.72 0.359672
0.725 0.359404
0.73 0.359134
0.735 0.358863
0.74 0.35859
0.745 0.358316
0.75 0.35804
0.755 0.357763
0.76 0.357484
0.765 0.357204
0.77 0.356922
0.775 0.35664
0.78 0.356355
0.785 0.35607
0.79 0.355783
0.795 0.355494
0.8 0.355204
0.805 0.354913
0.81 0.354621
0.815 0.354327
0.82 0.354031
0.825 0.353735
0.83 0.353437
0.835 0.353138
0.84 0.352837
0.845 0.352535
0.85 0.352232
0.855 0.351928
0.86 0.351622
0.865 0.351315
0.87 0.351007
0.875 0.350698
0.88 0.350387
0.885 0.350075
0.89 0.349762
0.895 0.349447
0.9 0.349132
0.905 0.348815
0.91 0.348497
0.915 0.348177
0.92 0.347857
0.925 0.347535
0.93 0.347213
0.935 0.346889
0.94 0.346563
0.945 0.346237
0.95 0.34591
0.955 0.345581
0.96 0.345252
0.965 0.344921
0.97 0.344589
0.975 0.344256
0.98 0.343922
0.985 0.343587
0.99 0.34325
0.995 0.342913
