0.0 0.389967
0.005 0.389966
0.01 0.389962
0.015 0.389957
0.02 0.38995
0.025 0.38994
0.03 0.389929
0.035 0.389915
0.04 0.389899
0.045 0.389881
0.05 0.389861
0.055 0.389839
0.06 0.389814
0.065 0.389788
0.07 0.389759
0.075 0.389729
0.08 0.389696
0.085 0.389661
0.09 0.389624
0.095 0.389585
0.1 0.389544
0.105 0.389501
0.11 0.389456
0.115 0.389408
0.12 0.389359
0.125 0.389307
0.13 0.389253
0.135 0.389197
0.14 0.389139
0.145 0.389079
0.15 0.389017
0.155 0.388953
0.16 0.388887
0.165 0.388818
0.17 0.388748
0.175 0.388675
0.18 0.388601
0.185 0.388524
0.19 0.388445
0.195 0.388365
0.2 0.388282
0.205 0.388197
0.21 0.38811
0.215 0.388021
0.22 0.38793
0.225 0.387837
0.23 0.387741
0.235 0.387644
0.24 0.387545
0.245 0.387443
0.25 0.38734
0.255 0.387235
0.26 0.387127
0.265 0.387018
0.27 0.386906
0.275 0.386793
0.28 0.386677
0.285 0.386559
0.29 0.38644
0.295 0.386318
0.3 0.386195
0.305 0.386069
0.31 0.385941
0.315 0.385812
0.32 0.38568
0.325 0.385547
0.33 0.385411
0.335 0.385274
0.34 0.385134
0.345 0.384993
0.35 0.384849
0.355 0.384704
0.36 0.384556
0.365 0.384407
0.37 0.384256
0.375 0.384103
0.38 0.383947
0.385 0.38379
0.39 0.383631
0.395 0.38347
0.4 0.383308
0.405 0.383143
0.41 0.382976
0.415 0.382807
0.42 0.382637
0.425 0.382465
0.43 0.38229
0.435 0.382114
0.44 0.381936
0.445 0.381756
0.45 0.381574
0.455 0.381391
0.46 0.381205
0.465 0.381018
0.47 0.380828
0.475 0.380637
0.48 0.380444
0.485 0.38025
0.49 0.380053
0.495 0.379855
0.5 0.379654
0.505 0.379452
0.51 0.379248
0.515 0.379043
0.52 0.378835
0.525 0.378626
0.53 0.378415
0.535 0.378202
0.54 0.377988
0.545 0.377771
0.55 0.377553
0.555 0.377333
0.56 0.377112
0.565 0.376888
0.57 0.376663
0.575 0.376436
0.58 0.376208
0.585 0.375978
0.59 0.375746
0.595 0.375512
0.6 0.375277
0.605 0.37504
0.61 0.374801
0.615 0.374561
0.62 0.374319
0.625 0.374075
0.63 0.373829
0.635 0.373582
0.64 0.373334
0.645 0.373084
0.65 0.372832
0.655 0.372578
0.66 0.372323
0.665 0.372066
0.67 0.371808
0.675 0.371548
0.68 0.371286
0.685 0.371023
0.69 0.370758
0.695 0.370492
0.7 0.370224
0.705 0.369955
0.71 0.369684
0.715 0.369411
0.72 0.369137
0.725 0.368862
0.73 0.368585
0.735 0.368306
0.74 0.368026
0.745 0.367745
0.75 0.367462
0.755 0.367177
0.76 0.366891
0.765 0.366604
0.77 0.366315
0.775 0.366025
0.78 0.365733
0.785 0.36544
0.79 0.365145
0.795 0.364849
0.8 0.364552
0.805 0.364253
0.81 0.363953
0.815 0.363651
0.82 0.363348
0.825 0.363044
0.83 0.362738
0.835 0.362431
0.84 0.362122
0.845 0.361813
0.85 0.361502
0.855 0.361189
0.86 0.360875
0.865 0.36056
0.87 0.360244
0.875 0.359926
0.88 0.359608
0.885 0.359287
0.89 0.358966
0.895 0.358643
0.9 0.358319
0.905 0.357994
0.91 0.357668
0.915 0.35734
0.92 0.357011
0.925 0.356681
0.93 0.35635
0.935 0.356017
0.94 0.355684
0.945 0.355349
0.95 0.355013
0.955 0.354675
0.96 0.354337
0.965 0.353998
0.97 0.353657
0.975 0.353315
0.98 0.352972
0.985 0.352628
0.99 0.352283
0.995 0.351937
