GLOBAL PARAMETERS 
   0.2508   1.4221   0.9580   1.4372   3.1685
   3.0414   2.9399   4.3877   0.9136   1.4403
  15.2230   1.0000   2.8000   2.5050   1.8260
   3.9320   4.3090   4.7750   4.5460   2.8210
   3.8130   3.0100   0.9080   3.0000   4.0000
   2.2570   0.4800   0.5000   4.8864  10.7067
  11.3205   4.7431   0.3513   0.6210   0.0617
   0.8391   0.7619   0.6013   1.2000   1.5000
   0.4000   1.8000   0.8000 142.3060   1.0000
   0.0000   0.0762

BONDS PARAMETERS 
  26.4737   3.6878
 198.3302   2.3165
 199.8809   2.5935
 199.2575   2.6154
 199.5909   3.0142
 199.9412   2.8812
 200.0606   2.3603
 199.8165   2.1706
 200.0325   1.4346
 199.6405   1.5924
 199.5755   1.4807
  40.0000  12.0000
  10.0000  12.0000
  10.0000  12.0000
  10.0000  12.0000

ANGLES PARAMETERS 
  73.3158   2.3611
  68.6270   2.5406
  72.3912   2.3328
  81.4470   2.6268
 1202.559   2.1160
 1196.617   2.0084
  75.2254   2.3287
  74.5902   2.1679
  50.1210   1.7608
  24.5852   1.9264
  61.7673   2.1279
  86.6152   1.8930
  80.0000   3.1416

TORSIONS PARAMETERS 
   0.6600     1.00  -0.3715
   1.2392     1.00   2.4096
   0.2688     1.00  -0.5351
   0.6788     1.00   2.8411
   0.8360     1.00  -2.6490
   0.9586     1.00  -2.3584
   0.4648     1.00  -2.1014
   0.5984     1.00   1.8923
   0.0308     1.00  -2.2667
   0.8766     1.00  -1.7907
   0.7715     1.00   1.6666
   0.8647     1.00  -1.8341
   0.7461     1.00   1.5915
   0.2818     1.00   2.2110
   0.1098     1.00   2.4579
   0.3623     1.00   2.6002
   0.1750     1.00   2.5693
   1.0652     1.00  -0.7906
   1.0983     1.00   1.6718
   0.7638     3.00   2.1900
   1.6123     1.00   2.4219
   0.3769     1.00   0.1157
   0.5846     2.00  -2.7479
   1.5499     3.00   0.2103
   1.4302     2.00   0.0295
