             10000000
 -1684247383       10000
   386.65759016826013       0.19874832774168694     
        31.840480        7.186087        8.664692
       31.083453        5.883340        8.708563
       29.643817        5.784758        9.055867
       28.543851        7.121972       10.585283
       27.479652        6.779524       12.926899
       26.909328        4.568918       13.530789
       28.127183        5.272971        5.777533
       26.453667        5.297884        5.875831
       25.429073        4.363749        6.086195
       24.060960        4.738421        6.231062
       23.382474        6.558239        7.488603
       22.202877        6.624144        9.704316
       21.753811        4.541782       10.656466
       21.791522        3.943894        3.019311
       20.637966        2.941749        3.561475
       20.467694        1.501938        3.652528
       19.300801        0.852526        4.153330
       18.099155        2.008513        5.768409
       16.739003        3.994450        7.308913
       17.021903        1.005979        0.818726
       15.538960        1.081157        1.252058
       14.619455        0.075827        1.606637
       13.262778        0.342777        1.881563
       12.682003        2.543239        2.254315
       12.143138        4.099941        4.231814
       11.072214        3.006809        6.077149
       11.831988       -0.061478       -1.727812
       10.259018       -0.452390       -1.875531
        8.939397        0.225184       -1.764332
        8.690373        1.291107       -2.620851
        8.779194        3.474510       -2.034696
        8.000889        5.006314        0.006240
        7.154747        4.133198        1.850474
        7.189753        0.167408       -5.920584
        5.632062        0.135716       -5.935272
        4.604527       -0.976748       -5.740437
        3.225441       -0.725527       -5.697068
        2.428898        1.267796       -4.747110
        2.252833        3.230790       -3.044757
        1.504513        2.909627       -1.050331
        2.469501        0.342053       -9.118508
        1.409658        1.512731       -9.153695
        0.029173        1.813581       -9.345274
       -0.366259        3.197445       -9.139996
        0.033173        4.542852       -7.231378
       -1.671900        4.734481       -5.227888
       -2.823862        2.721098       -4.603755
       -3.468456        4.263422      -10.754574
       -4.632110        3.985564       -9.639095
       -5.498617        2.810705       -9.578078
       -6.489868        2.660326       -8.583517
       -6.251250        3.484632       -6.391617
       -5.720804        5.819459       -4.456217
       -9.691699        3.870076       -9.909596
      -11.098861        3.053987       -9.569058
      -11.817853        1.966698      -10.131320
      -13.131842        1.461112       -9.658703
      -13.861648        2.033098       -7.556630
      -14.584738        4.099081       -5.616083
      -15.461016        1.829076      -12.780307
      -17.004414        1.289380      -12.863896
      -17.791049        0.106401      -13.207559
      -19.236519        0.175715      -13.143891
      -20.377421        0.868221      -11.277659
      -19.810003       -0.235679       -8.955435
      -17.961771       -1.761832       -9.107779
      -20.582381       -2.793841      -15.322512
      -22.067498       -3.394825      -15.073131
      -23.298800       -2.874977      -15.650585
      -24.657277       -3.195893      -15.415567
      -25.330301       -5.300969      -14.779183
      -25.009540       -7.811640      -14.012882
      -26.281281       -8.662169      -12.461625
      -25.432096       -0.717562      -12.395372
      -25.816153       -1.740535      -11.227524
      -27.005396       -2.100842      -10.411311
      -27.000919       -3.176651       -9.417945
      -25.680620       -5.129994       -9.443892
      -23.803559       -6.142837      -10.947335
      -22.701442       -7.905935      -10.288772
      -25.118762       -0.826449       -6.916115
      -23.910794       -1.724104       -6.313801
      -23.527462       -2.587690       -5.185790
      -22.246016       -3.258019       -5.090155
      -21.166374       -4.017050       -6.928337
      -21.637455       -3.356147       -9.451562
      -20.218157       -3.842027      -11.001607
      -19.779529       -0.371980       -4.267560
      -18.830384       -0.348696       -3.002473
      -17.401225       -0.624254       -2.884535
      -16.555858        0.097761       -3.750003
      -17.389738        0.593607       -5.833197
      -18.065637        2.804260       -7.011192
      -17.407533        3.187597       -9.272217
      -13.412018       -1.875877       -4.014990
      -12.684157       -2.197225       -2.628276
      -11.474314       -1.735573       -1.871255
      -11.330590       -0.308722       -1.490979
      -11.153655        1.534212       -2.795765
      -10.377773        1.997444       -5.200111
       -9.827716        0.460751       -6.559767
       -9.507269       -0.047629        1.840621
       -7.968538       -0.164234        1.869512
       -6.965677       -1.192867        2.168933
       -5.483113       -0.971273        2.091111
       -4.808455        0.208580        0.170775
       -6.182034        2.768525       -0.721178
       -5.676968        1.058770        5.319868
       -4.566434        1.460273        6.373662
       -3.857087        0.658428        7.386052
       -3.031544        1.457965        8.253521
       -1.419630        2.993053        7.411307
       -0.474913        4.320428        5.449032
       -0.049989        3.054068        3.550166
       -1.385069       -1.226111       10.348614
        0.279139       -1.083419        9.961123
        1.270200       -1.871721        9.215537
        2.764249       -1.622051        9.081839
        3.706576        0.456460        9.372749
        4.676542        2.443960        8.032778
        5.263461        2.097362        5.835894
        4.747983       -3.351504       11.908800
        6.278622       -3.239655       11.394952
        7.293487       -4.207024       10.800329
        8.639487       -3.671505       10.471682
        8.984729       -1.480529        9.854406
        8.845073        1.361087       10.209953
        9.998702       -3.254099       13.913140
       11.454486       -2.626732       13.858097
       12.742040       -3.408921       13.637737
       13.930120       -2.616636       13.824821
       13.591393       -0.401384       14.477953
       13.773072        2.088064       13.601150
       14.846711        2.238207       11.516311
       16.808266       -4.129534       15.896106
       18.132626       -3.624142       15.129240
       18.632044       -4.047732       13.819274
       19.704782       -3.433478       13.039420
       20.082078       -1.182969       12.953686
       20.115340        1.502864       14.082307
       22.495065       -4.968853       15.297735
       23.857145       -4.336008       14.810190
       24.916408       -4.671771       13.751846
       26.130728       -3.998452       13.719670
       26.131746       -1.630477       14.080021
       25.396301        0.615160       15.780119
        -0.002568       -0.004196        0.002287
        0.000445        0.001155        0.003067
        0.005444       -0.002400       -0.000394
       -0.001391        0.005775       -0.001281
       -0.000182       -0.002379        0.000045
        0.002123       -0.001071        0.001132
        0.001297       -0.000029       -0.001830
        0.000781       -0.004324        0.001769
        0.003642        0.001973       -0.003985
        0.002621       -0.001516       -0.000956
        0.002570        0.007981        0.004854
        0.000328       -0.000838        0.000755
        0.000253       -0.001128       -0.000074
       -0.000262        0.001167        0.000965
       -0.002208        0.001904        0.001541
        0.001713       -0.001290       -0.002124
        0.001377       -0.003773       -0.000609
       -0.005280        0.003041       -0.000242
        0.000338        0.000538        0.000451
       -0.000770       -0.001510        0.000566
        0.003262       -0.001023       -0.001276
        0.000505        0.001267        0.001623
        0.003806        0.001811       -0.000776
        0.003017       -0.000300        0.001547
       -0.001210       -0.000739        0.001127
        0.000425       -0.001225        0.000987
       -0.000140       -0.000474        0.000652
       -0.004700       -0.002515       -0.003046
        0.002769        0.001529       -0.005657
        0.000817       -0.000539       -0.000886
        0.004365       -0.001480        0.001348
        0.000137       -0.000866       -0.001356
        0.001310       -0.001191        0.002064
       -0.001083        0.003177       -0.002037
        0.000897       -0.004631        0.000029
       -0.002505        0.002314       -0.000150
        0.000029       -0.002330       -0.002257
       -0.003552       -0.000904       -0.005010
       -0.001136        0.000683        0.001987
       -0.000977        0.001857       -0.001190
        0.001150       -0.001585        0.000199
        0.000597        0.001463       -0.005027
       -0.000265        0.004601        0.002176
       -0.000616        0.000650       -0.000861
       -0.002614       -0.000437        0.001464
        0.000541       -0.000532        0.000508
        0.000485       -0.001417        0.001187
        0.001122       -0.000874        0.000814
       -0.003082       -0.003281        0.000997
        0.002589       -0.001585       -0.000349
       -0.001156        0.006927       -0.001071
        0.003392        0.000322        0.001757
        0.000919       -0.000847        0.000488
       -0.000326        0.001374       -0.001798
       -0.000767       -0.000928        0.002087
        0.003638        0.000844       -0.002349
       -0.006183       -0.000789       -0.001956
       -0.000339        0.002751       -0.000479
        0.000218        0.000573        0.000319
       -0.001208        0.000485        0.000914
       -0.000565       -0.000576        0.000881
       -0.002855        0.000388        0.000643
       -0.000601        0.001832       -0.000778
       -0.001902       -0.003593       -0.000624
        0.000273       -0.001963       -0.001551
       -0.000602       -0.000404        0.000228
        0.000686        0.001211        0.002918
        0.001519        0.000344       -0.004887
       -0.001198        0.003129       -0.001839
        0.001416        0.003154       -0.004963
        0.005430        0.002846       -0.000885
       -0.001155        0.001853       -0.000041
        0.001244       -0.000253       -0.000468
        0.000978       -0.000824        0.000368
       -0.000946       -0.002181        0.001570
       -0.000311        0.000829       -0.001212
       -0.002316       -0.000517       -0.000441
       -0.000012        0.002208       -0.003048
       -0.000100        0.000561       -0.000979
        0.000509        0.000826        0.000281
        0.003267       -0.001173       -0.002112
        0.001034       -0.002039        0.003613
        0.004548        0.003418        0.000696
       -0.000589        0.000426        0.000866
       -0.000195        0.004696        0.001427
        0.000992       -0.001866       -0.000211
        0.000240       -0.001844        0.000940
        0.003538        0.003256       -0.000009
        0.001150       -0.000716       -0.000854
       -0.006506        0.001171       -0.001749
       -0.000060        0.001138        0.001487
       -0.001590       -0.001978       -0.000674
       -0.000756        0.000728       -0.000030
        0.001774        0.000728        0.000368
        0.002605       -0.000983       -0.000054
       -0.000109        0.000137       -0.001248
       -0.002497       -0.000842        0.000775
        0.004373       -0.001330        0.001263
       -0.000686       -0.002178        0.007725
        0.000887       -0.003453       -0.000778
        0.000105       -0.001881        0.000771
        0.001253       -0.000655       -0.001786
       -0.001099       -0.003233        0.004335
        0.001586       -0.001811       -0.000336
        0.000798        0.000890        0.001610
       -0.002205        0.004135       -0.004323
        0.000579        0.000442       -0.000045
        0.002191       -0.001004       -0.000091
       -0.002521        0.000690       -0.000980
        0.003445        0.002641        0.000216
        0.004860       -0.001153        0.002799
       -0.000889       -0.000233        0.003983
        0.000309       -0.000466       -0.000494
       -0.000640        0.000196        0.000123
       -0.000726        0.002179        0.000885
       -0.000507        0.002298        0.008514
       -0.000654       -0.000734        0.000880
       -0.000329       -0.000054       -0.000541
       -0.000314        0.004882        0.001302
       -0.000853       -0.001857       -0.001043
       -0.000339       -0.000327       -0.000354
        0.001689        0.003332        0.000453
        0.003192       -0.001153       -0.001795
       -0.000394       -0.003144       -0.002023
       -0.000072       -0.004825        0.000204
       -0.002569        0.000702        0.007317
       -0.000821        0.000377       -0.000568
       -0.000150        0.000497        0.000133
        0.000390        0.001117       -0.001656
        0.005033       -0.002971       -0.000741
        0.003463        0.003618        0.000503
        0.002383       -0.000007       -0.005766
        0.001426        0.001735        0.000273
        0.000400       -0.000800        0.001097
        0.001800       -0.001249        0.002773
        0.000376       -0.001699       -0.001045
        0.000661        0.001841        0.002726
       -0.001449       -0.000847       -0.001488
       -0.001430       -0.001036       -0.000616
       -0.001795        0.000169        0.003223
        0.000705       -0.000801        0.002287
        0.002854        0.006018        0.001733
        0.003603        0.001152       -0.004474
       -0.000940       -0.004019       -0.001037
        0.004239        0.002573       -0.000476
        0.000990        0.000052        0.001339
         4.576634       12.754298       15.258812
        4.011866       13.941573       14.579398
        4.565859       14.549495       13.399220
        6.857091       14.747396       13.019960
        8.509959       12.860670       12.367566
       10.202732       13.459641       10.841107
        2.695564       12.800640       10.655824
        2.850725       13.618357        9.294280
        2.151452       14.626790        8.460251
        2.744596       15.061944        7.229421
        5.027797       14.753064        6.934740
        6.154925       12.506187        7.561883
        8.155273       11.990589        6.415851
        1.217529       12.956087        4.539328
        2.292659       12.827389        3.360369
        2.733642       13.543852        2.138484
        3.773633       13.006952        1.307615
        5.281571       11.538687        2.263843
        5.833664        9.494093        4.208353
        1.673961       11.008108       -1.063574
        2.560979       10.256173       -2.154524
        3.058529       10.431684       -3.539560
        3.821246        9.393737       -4.168812
        5.274744        8.151854       -2.857230
        4.518940        6.879784       -0.740453
        5.979822        5.199649       -0.005113
        1.082079        7.319192       -5.563569
        1.466754        5.998243       -6.366975
        2.337635        5.721709       -7.527067
        3.773656        5.738298       -7.487460
        4.880133        4.901668       -5.613940
        3.934524        3.847193       -3.412808
        4.958402        2.248201       -2.374003
        4.115505        3.474160      -10.477945
        4.799127        2.105261      -10.063371
        4.292479        0.722483       -9.941829
        5.060256       -0.318019       -9.338032
        5.058379       -0.582714       -7.039057
        3.306486        0.060835       -5.217866
        3.303683       -0.954333       -3.318287
        2.464492       -2.977503      -10.009775
        2.681191       -4.194924       -9.005187
        3.351682       -5.512781       -9.019873
        3.333055       -6.408187       -7.897869
        3.165666       -5.637459       -5.715734
        1.355338       -4.159120       -4.603503
        1.000070       -4.562281       -2.307528
        0.300765       -8.588319       -8.260060
       -0.018749       -9.141327       -6.792862
        0.425791      -10.264597       -5.939852
       -0.097530      -10.485235       -4.625014
       -0.943048       -8.723770       -3.387109
       -2.331750       -6.053713       -3.316973
       -3.098348      -12.612296       -5.340073
       -4.189765      -12.353379       -4.200357
       -4.583689      -12.859410       -2.863652
       -5.730888      -12.335420       -2.182110
       -6.516717      -10.239658       -2.734926
       -6.863816       -7.954636       -4.435986
       -8.509763      -14.425854       -3.574907
       -9.891603      -13.688445       -3.229394
      -10.971255      -13.703231       -2.209211
      -12.112906      -12.829095       -2.298538
      -11.798701      -10.596578       -2.856239
      -11.219340      -10.037266       -5.314138
      -11.869169       -7.902822       -6.057195
      -13.983924      -14.497287       -5.059423
      -15.142332      -13.786962       -5.904515
      -15.147639      -13.189888       -7.268339
      -16.275872      -12.568046       -7.917493
      -18.326897      -12.222384       -6.881446
      -19.299017      -12.426305       -4.463052
      -20.498013      -10.840485       -3.594102
      -14.812679       -9.219436       -8.884203
      -15.714177       -8.040432       -8.293562
      -15.514968       -6.692664       -7.692670
      -16.568437       -6.028423       -6.985308
      -17.527267       -7.226179       -5.236512
      -16.701603       -9.480476       -4.183339
      -16.947606       -9.906251       -2.067735
      -14.434979       -3.041367       -5.751393
      -15.004042       -2.597035       -4.332967
      -15.830076       -1.504472       -3.764795
      -16.181034       -1.481970       -2.373982
      -15.877609       -3.424303       -1.162249
      -14.505031       -5.565909       -1.739452
      -14.110774       -7.096298       -0.247503
      -13.175753        0.358422       -0.818389
      -12.795671       -0.496444        0.480561
      -12.922925       -0.554257        1.962300
      -12.363236       -1.681032        2.651003
      -11.904306       -3.565880        1.386545
      -10.883854       -3.133245       -0.944012
       -9.618663       -4.886505       -1.821836
       -9.119141       -0.629019        4.390858
       -8.500001       -2.028216        4.860801
       -8.613786       -2.927615        6.030080
       -7.927344       -4.182113        6.072742
       -6.941509       -4.976356        4.124619
       -6.382770       -3.804028        1.854327
       -5.075542       -4.736325        0.407843
       -4.846427       -3.014198        7.924120
       -3.676953       -3.983771        7.438057
       -3.180105       -3.967593        6.051103
       -2.228209       -4.841007        5.443409
       -1.901058       -4.620994        3.161262
       -2.070563       -2.502403        1.025351
        0.805851       -3.831321        7.484814
        1.985188       -4.764777        6.966175
        2.720992       -6.001939        7.293491
        3.722869       -6.439763        6.381447
        3.590342       -5.723041        4.185686
        2.987583       -3.425774        3.158022
        3.366175       -3.280034        0.852039
        7.109566       -5.716122        7.887832
        8.113966       -5.694082        6.644329
        8.931021       -4.641491        6.013996
        9.483682       -4.752781        4.699422
        8.105901       -4.358104        2.871010
        6.797796       -2.138050        2.622745
        6.638735       -1.284174        0.436461
       12.022918       -2.038621        4.665842
       11.977059       -1.322133        3.240305
       12.562606       -1.478373        1.891208
       12.281187       -0.527021        0.861256
       10.266073        0.600564        0.921082
        8.053669        1.628922        2.444521
       14.795523        2.098419        1.820714
       14.592120        3.375986        0.886932
       15.137687        3.979331       -0.353462
       14.623071        5.232184       -0.837374
       12.422830        5.802182       -0.364894
       11.388996        5.578541        1.990714
        9.575782        7.000681        2.426654
       16.594144        7.795833        0.991198
       15.771654        9.163985        1.034371
       15.540802       10.342050        0.168709
       14.767180       11.467678        0.605528
       13.237331       11.248415        2.325017
       12.316266        9.918668        4.705233
       17.347935       13.287318        2.623543
       16.597659       14.383420        3.515791
       16.155035       15.786070        3.346564
       15.520376       16.553130        4.380442
       14.337101       15.509855        6.075062
       14.061618       13.279959        7.874110
