GLOBAL PARAMETERS 
   0.7026   4.1789  22.9247  17.0397   5.2611
   0.5765   1.6572   5.0627   1.6871   0.0398
  15.2230   1.0000   2.8000   2.5050   1.8260
   3.9320   4.3090   4.7750   4.5460   2.8210
   3.8130   3.0100   0.9080   3.0000   4.0000
   2.2570   0.4800   0.5000  43.1540  99.0708
 114.4425  50.3336   0.9994   3.2020   4.1827
   4.5323   4.9319   2.8858   1.2000   1.5000
   0.4000   1.8000   0.8000 142.3060   1.0000
   0.0000   1.0144

BONDS PARAMETERS 
   0.6145   3.7897
  29.1674   2.3152
  85.2753   2.6184
  39.6960   2.6383
  90.9963   3.0856
 226.5242   3.0518
  25.8144   2.4777
  13.2125   2.1963
 455.7671   1.5599
 451.2954   1.5532
 314.5938   1.4636
  40.0000  12.0000
  10.0000  12.0000
  10.0000  12.0000
  10.0000  12.0000

ANGLES PARAMETERS 
  14.7209   2.1895
   5.1989   2.3338
   0.8007   2.2026
  12.6402   2.2690
  19.9121   2.0742
  41.2463   1.9897
  21.9734   2.1952
   8.1258   1.8972
   2.6359   1.6774
   1.8239   1.9742
   6.4148   2.2943
   9.4476   1.7436
   8.0000   3.1416

TORSIONS PARAMETERS 
   2.7177     1.00  -0.3400
   6.5674     1.00  -2.7925
   2.2542     1.00  -0.3434
   3.9896     1.00  -2.7925
   3.2980     1.00  -2.8799
   0.4983     1.00  -2.8799
   2.7893     1.00  -2.6181
   5.6529     1.00   2.6180
   0.2821     1.00  -2.6181
   9.1563     1.00  -2.6179
  10.1821     1.00   2.6180
   7.7709     1.00  -2.6180
  11.0436     1.00   2.6180
   2.1822     1.00   1.7440
   0.3534     1.00   1.7438
   7.8252     1.00   1.7464
   5.7032     1.00   1.7456
   8.0022     1.00   0.3340
   7.9064     1.00   2.7924
  10.8738     3.00   1.5719
  11.9648     1.00   2.6180
   3.1297     1.00   0.0034
   2.5982     2.00  -3.1416
  11.4501     3.00   0.0072
  10.8174     2.00   0.0026
