GLOBAL PARAMETERS 
   1.0544   1.0000   1.0000   1.0000   1.0000
   1.0000   1.0000   1.0000   1.0000   2.6250
  15.2230   1.0000   2.8000   2.5050   1.8260
   3.9320   4.3090   4.7750   4.5460   2.8210
   3.8130   3.0100   0.9080   3.0000   4.0000
   2.2570   0.4800   0.5000   1.0000   1.0000
   1.0000   1.0000   1.0000   1.0000   1.0000
   1.0000   1.0000   1.0000   1.2000   1.5000
   0.4000   1.8000   0.8000 142.3060   1.0000
   0.0000   0.3955

BONDS PARAMETERS 
  14.6263   3.6512
 206.2297   2.3283
 230.7299   2.6169
 172.6454   2.6381
 203.4327   3.0541
 245.9597   2.9976
 232.4840   2.4477
 168.9356   2.1827
 219.4047   1.5164
 218.5388   1.5877
 222.9337   1.4333

ANGLES PARAMETERS 
 127.0048   2.2868
  89.5902   2.4311
 121.3864   2.2747
  85.5117   2.3836
 188.7001   2.0458
 200.1526   1.9532
 143.0374   2.1601
  98.4921   1.9067
  50.8383   1.9074
  34.9869   2.1067
 114.4567   2.2456
  79.3886   1.8293

TORSIONS PARAMETERS 
   0.7437     1.00  -0.4818
   1.8875     1.00   2.7508
   0.7756     1.00  -0.5186
   2.3603     1.00  -2.9247
   1.9125     1.00  -2.6649
   3.8464     1.00  -2.6908
   0.0012     1.00  -2.7018
   0.9676     1.00   2.4256
   0.0047     1.00  -2.8024
   2.5021     1.00  -2.5305
   5.6641     1.00   2.3264
   4.3009     1.00  -2.5304
   5.5411     1.00   2.3711
   0.5589     1.00   2.3187
   0.6719     1.00   2.3507
   3.2706     1.00   2.6202
   2.1847     1.00   2.8580
   2.1657     1.00  -1.3465
   1.7426     1.00  -2.7225
   0.3736     3.00  -3.0194
   0.9765     1.00   1.6558
   0.0090     1.00  -0.0921
   0.2777     2.00  -2.5701
   0.8637     3.00   0.6149
   0.5236     2.00   0.0256
