GLOBAL PARAMETERS 
   0.1122   3.9632   1.3790   2.5124   3.9819
   4.2849   4.8178   5.4433   1.3514   0.0262
  15.2230   1.0000   2.8000   2.5050   1.8260
   3.9320   4.3090   4.7750   4.5460   2.8210
   3.8130   3.0100   0.9080   3.0000   4.0000
   2.2570   0.4800   0.5000   2.6620  10.9890
  15.6085   5.9689   1.0938   1.0655   0.4349
   1.4076   1.4402   0.5317   1.2000   1.5000
   0.4000   1.8000   0.8000 142.3060   1.0000
   0.0000   0.3288

BONDS PARAMETERS 
  28.8483   3.6097
 200.0840   2.3068
 199.9870   2.7080
 199.9155   2.6469
 200.1194   3.0398
 200.0050   3.1178
 200.0126   2.5297
 200.0410   2.1876
 199.9333   1.7037
 199.8871   1.5217
 200.0096   1.2835
  40.0000  12.0000
  10.0000  12.0000
  10.0000  12.0000
  10.0000  12.0000

ANGLES PARAMETERS 
   7.7390 134.9681
   6.8120 138.9140
   7.2480 132.0273
   7.4883 140.7273
  11.9278 108.9308
  12.0290 112.1186
   7.0424 125.7642
   6.8768 117.0127
   6.5166 111.6052
   4.9882 106.4194
   6.7322 111.0022
   9.6934 138.9749
   8.0000 180.0000

TORSIONS PARAMETERS 
  11.3224     1.00 -32.0530
   2.5069     1.00   8.9082
  10.9614     1.00 -19.0697
   2.2458     1.00  -2.6138
  10.0026     1.00-173.2713
  10.7213     1.00-172.5311
  11.4701     1.00 125.1115
   5.5015     1.00 -56.2480
   9.0826     1.00 118.9325
  12.6869     1.00 130.8342
   7.8885     1.00 -49.3655
  13.1966     1.00 148.4891
   8.1761     1.00 -31.4186
  13.9368     1.00 165.1294
  17.9433     1.00 170.3033
  15.9893     1.00 174.1220
  16.2924     1.00-163.7558
  38.7809     1.00 -71.0196
  57.1361     1.00 127.5303
  35.7513     3.00  81.1747
  44.6989     1.00 119.3277
 192.0198     1.00 172.6836
 160.0211     2.00 174.3287
   0.7531     3.00 -13.5766
 118.3327     2.00 -32.1628
