GLOBAL PARAMETERS 
   0.1122   3.9632   1.3790   2.5124   3.9819
   4.2849   4.8178   5.4433   1.3514   0.0262
  15.2230   1.0000   2.8000   2.5050   1.8260
   3.9320   4.3090   4.7750   4.5460   2.8210
   3.8130   3.0100   0.9080   3.0000   4.0000
   2.2570   0.4800   0.5000   2.6620  10.9890
  15.6085   5.9689   1.0938   1.0655   0.4349
   1.4076   1.4402   0.5317   1.2000   1.5000
   0.4000   1.8000   0.8000 142.3060   1.0000
   0.0000   0.3288

BONDS PARAMETERS 
  28.8483   3.6097
 200.0840   2.3068
 199.9870   2.7080
 199.9155   2.6469
 200.1194   3.0398
 200.0050   3.1178
 200.0126   2.5297
 200.0410   2.1876
 199.9333   1.7037
 199.8871   1.5217
 200.0096   1.2835
  40.0000  12.0000
  10.0000  12.0000
  10.0000  12.0000
  10.0000  12.0000

ANGLES PARAMETERS 
   7.7390   2.3556
   6.8120   2.4245
   7.2480   2.3043
   7.4883   2.4562
  11.9278   1.9012
  12.0290   1.9568
   7.0424   2.1950
   6.8768   2.0423
   6.5166   1.9479
   4.9882   1.8574
   6.7322   1.9374
   9.6934   2.4256
   8.0000   3.1416

TORSIONS PARAMETERS 
  11.3224     1.00  -0.5594
   2.5069     1.00   0.1555
  10.9614     1.00  -0.3328
   2.2458     1.00  -0.0456
  10.0026     1.00  -3.0242
  10.7213     1.00  -3.0112
  11.4701     1.00   2.1836
   5.5015     1.00  -0.9817
   9.0826     1.00   2.0758
  12.6869     1.00   2.2835
   7.8885     1.00  -0.8616
  13.1966     1.00   2.5916
   8.1761     1.00  -0.5484
  13.9368     1.00   2.8821
  17.9433     1.00   2.9724
  15.9893     1.00   3.0390
  16.2924     1.00  -2.8581
  38.7809     1.00  -1.2395
  57.1361     1.00   2.2258
  35.7513     3.00   1.4168
  44.6989     1.00   2.0827
 192.0198     1.00   3.0139
 160.0211     2.00   3.0426
   0.7531     3.00  -0.2370
 118.3327     2.00  -0.5613
