   0.000   0.27997600
   0.005   0.27997500
   0.010   0.27997300
   0.015   0.27996900
   0.020   0.27996400
   0.025   0.27995700
   0.030   0.27994900
   0.035   0.27993900
   0.040   0.27992700
   0.045   0.27991500
   0.050   0.27990000
   0.055   0.27988400
   0.060   0.27986700
   0.065   0.27984800
   0.070   0.27982700
   0.075   0.27980500
   0.080   0.27978200
   0.085   0.27975700
   0.090   0.27973000
   0.095   0.27970200
   0.100   0.27967300
   0.105   0.27964200
   0.110   0.27960900
   0.115   0.27957500
   0.120   0.27953900
   0.125   0.27950200
   0.130   0.27946400
   0.135   0.27942400
   0.140   0.27938200
   0.145   0.27933900
   0.150   0.27929400
   0.155   0.27924800
   0.160   0.27920100
   0.165   0.27915200
   0.170   0.27910100
   0.175   0.27904900
   0.180   0.27899500
   0.185   0.27894000
   0.190   0.27888400
   0.195   0.27882600
   0.200   0.27876600
   0.205   0.27870500
   0.210   0.27864300
   0.215   0.27857900
   0.220   0.27851400
   0.225   0.27844700
   0.230   0.27837800
   0.235   0.27830900
   0.240   0.27823700
   0.245   0.27816400
   0.250   0.27809000
   0.255   0.27801500
   0.260   0.27793700
   0.265   0.27785900
   0.270   0.27777900
   0.275   0.27769700
   0.280   0.27761400
   0.285   0.27753000
   0.290   0.27744400
   0.295   0.27735700
   0.300   0.27726800
   0.305   0.27717800
   0.310   0.27708600
   0.315   0.27699300
   0.320   0.27689900
   0.325   0.27680300
   0.330   0.27670500
   0.335   0.27660700
   0.340   0.27650700
   0.345   0.27640500
   0.350   0.27630200
   0.355   0.27619800
   0.360   0.27609200
   0.365   0.27598500
   0.370   0.27587600
   0.375   0.27576600
   0.380   0.27565500
   0.385   0.27554200
   0.390   0.27542800
   0.395   0.27531200
   0.400   0.27519500
   0.405   0.27507700
   0.410   0.27495700
   0.415   0.27483600
   0.420   0.27471400
   0.425   0.27459000
   0.430   0.27446500
   0.435   0.27433800
   0.440   0.27421000
   0.445   0.27408100
   0.450   0.27395100
   0.455   0.27381900
   0.460   0.27368600
   0.465   0.27355100
   0.470   0.27341500
   0.475   0.27327800
   0.480   0.27314000
   0.485   0.27300000
   0.490   0.27285900
   0.495   0.27271600
   0.500   0.27257200
   0.505   0.27242700
   0.510   0.27228100
   0.515   0.27213300
   0.520   0.27198400
   0.525   0.27183400
   0.530   0.27168300
   0.535   0.27153000
   0.540   0.27137600
   0.545   0.27122000
   0.550   0.27106400
   0.555   0.27090600
   0.560   0.27074700
   0.565   0.27058700
   0.570   0.27042500
   0.575   0.27026200
   0.580   0.27009800
   0.585   0.26993300
   0.590   0.26976600
   0.595   0.26959800
   0.600   0.26942900
   0.605   0.26925900
   0.610   0.26908800
   0.615   0.26891500
   0.620   0.26874200
   0.625   0.26856700
   0.630   0.26839000
   0.635   0.26821300
   0.640   0.26803500
   0.645   0.26785500
   0.650   0.26767400
   0.655   0.26749200
   0.660   0.26730900
   0.665   0.26712400
   0.670   0.26693900
   0.675   0.26675200
   0.680   0.26656400
   0.685   0.26637600
   0.690   0.26618500
   0.695   0.26599400
   0.700   0.26580200
   0.705   0.26560900
   0.710   0.26541400
   0.715   0.26521800
   0.720   0.26502200
   0.725   0.26482400
   0.730   0.26462500
   0.735   0.26442500
   0.740   0.26422400
   0.745   0.26402200
   0.750   0.26381900
   0.755   0.26361500
   0.760   0.26340900
   0.765   0.26320300
   0.770   0.26299500
   0.775   0.26278700
   0.780   0.26257800
   0.785   0.26236700
   0.790   0.26215600
   0.795   0.26194300
   0.800   0.26172900
   0.805   0.26151500
   0.810   0.26129900
   0.815   0.26108300
   0.820   0.26086500
   0.825   0.26064700
   0.830   0.26042700
   0.835   0.26020700
   0.840   0.25998500
   0.845   0.25976300
   0.850   0.25954000
   0.855   0.25931500
   0.860   0.25909000
   0.865   0.25886400
   0.870   0.25863700
   0.875   0.25840900
   0.880   0.25818000
   0.885   0.25795000
   0.890   0.25771900
   0.895   0.25748700
   0.900   0.25725500
   0.905   0.25702100
   0.910   0.25678700
   0.915   0.25655200
   0.920   0.25631600
   0.925   0.25607900
   0.930   0.25584100
   0.935   0.25560200
   0.940   0.25536300
   0.945   0.25512200
   0.950   0.25488100
   0.955   0.25463900
   0.960   0.25439600
   0.965   0.25415200
   0.970   0.25390800
   0.975   0.25366200
   0.980   0.25341600
   0.985   0.25316900
   0.990   0.25292100
   0.995   0.25267300
