   0.000   0.35996900
   0.005   0.35996800
   0.010   0.35996500
   0.015   0.35996000
   0.020   0.35995400
   0.025   0.35994500
   0.030   0.35993400
   0.035   0.35992100
   0.040   0.35990700
   0.045   0.35989000
   0.050   0.35987200
   0.055   0.35985100
   0.060   0.35982900
   0.065   0.35980400
   0.070   0.35977800
   0.075   0.35975000
   0.080   0.35972000
   0.085   0.35968700
   0.090   0.35965300
   0.095   0.35961700
   0.100   0.35957900
   0.105   0.35953900
   0.110   0.35949700
   0.115   0.35945400
   0.120   0.35940800
   0.125   0.35936000
   0.130   0.35931100
   0.135   0.35925900
   0.140   0.35920600
   0.145   0.35915000
   0.150   0.35909300
   0.155   0.35903400
   0.160   0.35897200
   0.165   0.35890900
   0.170   0.35884400
   0.175   0.35877700
   0.180   0.35870800
   0.185   0.35863800
   0.190   0.35856500
   0.195   0.35849000
   0.200   0.35841400
   0.205   0.35833600
   0.210   0.35825500
   0.215   0.35817300
   0.220   0.35808900
   0.225   0.35800300
   0.230   0.35791500
   0.235   0.35782500
   0.240   0.35773400
   0.245   0.35764000
   0.250   0.35754500
   0.255   0.35744700
   0.260   0.35734800
   0.265   0.35724700
   0.270   0.35714400
   0.275   0.35703900
   0.280   0.35693300
   0.285   0.35682400
   0.290   0.35671400
   0.295   0.35660100
   0.300   0.35648700
   0.305   0.35637100
   0.310   0.35625400
   0.315   0.35613400
   0.320   0.35601300
   0.325   0.35588900
   0.330   0.35576400
   0.335   0.35563700
   0.340   0.35550800
   0.345   0.35537800
   0.350   0.35524500
   0.355   0.35511100
   0.360   0.35497500
   0.365   0.35483700
   0.370   0.35469800
   0.375   0.35455600
   0.380   0.35441300
   0.385   0.35426800
   0.390   0.35412100
   0.395   0.35397300
   0.400   0.35382200
   0.405   0.35367000
   0.410   0.35351600
   0.415   0.35336100
   0.420   0.35320300
   0.425   0.35304400
   0.430   0.35288300
   0.435   0.35272100
   0.440   0.35255600
   0.445   0.35239000
   0.450   0.35222200
   0.455   0.35205300
   0.460   0.35188200
   0.465   0.35170900
   0.470   0.35153400
   0.475   0.35135700
   0.480   0.35117900
   0.485   0.35100000
   0.490   0.35081800
   0.495   0.35063500
   0.500   0.35045000
   0.505   0.35026400
   0.510   0.35007500
   0.515   0.34988600
   0.520   0.34969400
   0.525   0.34950100
   0.530   0.34930600
   0.535   0.34911000
   0.540   0.34891200
   0.545   0.34871200
   0.550   0.34851100
   0.555   0.34830800
   0.560   0.34810300
   0.565   0.34789700
   0.570   0.34768900
   0.575   0.34748000
   0.580   0.34726900
   0.585   0.34705600
   0.590   0.34684200
   0.595   0.34662700
   0.600   0.34640900
   0.605   0.34619100
   0.610   0.34597000
   0.615   0.34574800
   0.620   0.34552500
   0.625   0.34530000
   0.630   0.34507300
   0.635   0.34484500
   0.640   0.34461600
   0.645   0.34438500
   0.650   0.34415200
   0.655   0.34391800
   0.660   0.34368300
   0.665   0.34344600
   0.670   0.34320700
   0.675   0.34296700
   0.680   0.34272600
   0.685   0.34248300
   0.690   0.34223800
   0.695   0.34199300
   0.700   0.34174500
   0.705   0.34149700
   0.710   0.34124700
   0.715   0.34099500
   0.720   0.34074200
   0.725   0.34048800
   0.730   0.34023200
   0.735   0.33997500
   0.740   0.33971700
   0.745   0.33945700
   0.750   0.33919600
   0.755   0.33893300
   0.760   0.33866900
   0.765   0.33840400
   0.770   0.33813700
   0.775   0.33786900
   0.780   0.33760000
   0.785   0.33732900
   0.790   0.33705700
   0.795   0.33678400
   0.800   0.33650900
   0.805   0.33623300
   0.810   0.33595600
   0.815   0.33567800
   0.820   0.33539800
   0.825   0.33511700
   0.830   0.33483500
   0.835   0.33455200
   0.840   0.33426700
   0.845   0.33398100
   0.850   0.33369400
   0.855   0.33340500
   0.860   0.33311600
   0.865   0.33282500
   0.870   0.33253300
   0.875   0.33224000
   0.880   0.33194500
   0.885   0.33165000
   0.890   0.33135300
   0.895   0.33105500
   0.900   0.33075600
   0.905   0.33045600
   0.910   0.33015500
   0.915   0.32985200
   0.920   0.32954900
   0.925   0.32924400
   0.930   0.32893800
   0.935   0.32863100
   0.940   0.32832300
   0.945   0.32801400
   0.950   0.32770400
   0.955   0.32739300
   0.960   0.32708000
   0.965   0.32676700
   0.970   0.32645300
   0.975   0.32613700
   0.980   0.32582100
   0.985   0.32550300
   0.990   0.32518500
   0.995   0.32486500
