   0.000   0.34997000
   0.005   0.34996900
   0.010   0.34996600
   0.015   0.34996200
   0.020   0.34995500
   0.025   0.34994600
   0.030   0.34993600
   0.035   0.34992400
   0.040   0.34990900
   0.045   0.34989300
   0.050   0.34987500
   0.055   0.34985500
   0.060   0.34983300
   0.065   0.34981000
   0.070   0.34978400
   0.075   0.34975700
   0.080   0.34972700
   0.085   0.34969600
   0.090   0.34966300
   0.095   0.34962800
   0.100   0.34959100
   0.105   0.34955200
   0.110   0.34951100
   0.115   0.34946900
   0.120   0.34942400
   0.125   0.34937800
   0.130   0.34933000
   0.135   0.34928000
   0.140   0.34922800
   0.145   0.34917400
   0.150   0.34911800
   0.155   0.34906000
   0.160   0.34900100
   0.165   0.34894000
   0.170   0.34887600
   0.175   0.34881100
   0.180   0.34874400
   0.185   0.34867600
   0.190   0.34860500
   0.195   0.34853200
   0.200   0.34845800
   0.205   0.34838200
   0.210   0.34830400
   0.215   0.34822400
   0.220   0.34814200
   0.225   0.34805800
   0.230   0.34797300
   0.235   0.34788600
   0.240   0.34779700
   0.245   0.34770600
   0.250   0.34761300
   0.255   0.34751800
   0.260   0.34742200
   0.265   0.34732300
   0.270   0.34722300
   0.275   0.34712200
   0.280   0.34701800
   0.285   0.34691200
   0.290   0.34680500
   0.295   0.34669600
   0.300   0.34658500
   0.305   0.34647200
   0.310   0.34635800
   0.315   0.34624100
   0.320   0.34612300
   0.325   0.34600300
   0.330   0.34588200
   0.335   0.34575800
   0.340   0.34563300
   0.345   0.34550600
   0.350   0.34537700
   0.355   0.34524700
   0.360   0.34511500
   0.365   0.34498100
   0.370   0.34484500
   0.375   0.34470700
   0.380   0.34456800
   0.385   0.34442700
   0.390   0.34428500
   0.395   0.34414000
   0.400   0.34399400
   0.405   0.34384600
   0.410   0.34369600
   0.415   0.34354500
   0.420   0.34339200
   0.425   0.34323700
   0.430   0.34308100
   0.435   0.34292300
   0.440   0.34276300
   0.445   0.34260200
   0.450   0.34243800
   0.455   0.34227400
   0.460   0.34210700
   0.465   0.34193900
   0.470   0.34176900
   0.475   0.34159800
   0.480   0.34142400
   0.485   0.34125000
   0.490   0.34107300
   0.495   0.34089500
   0.500   0.34071500
   0.505   0.34053400
   0.510   0.34035100
   0.515   0.34016700
   0.520   0.33998000
   0.525   0.33979300
   0.530   0.33960300
   0.535   0.33941200
   0.540   0.33922000
   0.545   0.33902500
   0.550   0.33883000
   0.555   0.33863200
   0.560   0.33843400
   0.565   0.33823300
   0.570   0.33803100
   0.575   0.33782800
   0.580   0.33762300
   0.585   0.33741600
   0.590   0.33720800
   0.595   0.33699800
   0.600   0.33678700
   0.605   0.33657400
   0.610   0.33636000
   0.615   0.33614400
   0.620   0.33592700
   0.625   0.33570800
   0.630   0.33548800
   0.635   0.33526600
   0.640   0.33504300
   0.645   0.33481900
   0.650   0.33459200
   0.655   0.33436500
   0.660   0.33413600
   0.665   0.33390500
   0.670   0.33367400
   0.675   0.33344000
   0.680   0.33320600
   0.685   0.33296900
   0.690   0.33273200
   0.695   0.33249300
   0.700   0.33225300
   0.705   0.33201100
   0.710   0.33176800
   0.715   0.33152300
   0.720   0.33127700
   0.725   0.33103000
   0.730   0.33078100
   0.735   0.33053100
   0.740   0.33028000
   0.745   0.33002700
   0.750   0.32977300
   0.755   0.32951800
   0.760   0.32926200
   0.765   0.32900400
   0.770   0.32874400
   0.775   0.32848400
   0.780   0.32822200
   0.785   0.32795900
   0.790   0.32769400
   0.795   0.32742900
   0.800   0.32716200
   0.805   0.32689400
   0.810   0.32662400
   0.815   0.32635400
   0.820   0.32608200
   0.825   0.32580800
   0.830   0.32553400
   0.835   0.32525900
   0.840   0.32498200
   0.845   0.32470400
   0.850   0.32442500
   0.855   0.32414400
   0.860   0.32386300
   0.865   0.32358000
   0.870   0.32329600
   0.875   0.32301100
   0.880   0.32272500
   0.885   0.32243700
   0.890   0.32214900
   0.895   0.32185900
   0.900   0.32156900
   0.905   0.32127700
   0.910   0.32098400
   0.915   0.32069000
   0.920   0.32039500
   0.925   0.32009800
   0.930   0.31980100
   0.935   0.31950300
   0.940   0.31920300
   0.945   0.31890300
   0.950   0.31860100
   0.955   0.31829800
   0.960   0.31799500
   0.965   0.31769000
   0.970   0.31738500
   0.975   0.31707800
   0.980   0.31677000
   0.985   0.31646100
   0.990   0.31615200
   0.995   0.31584100
