   0.000   0.32997200
   0.005   0.32997100
   0.010   0.32996800
   0.015   0.32996400
   0.020   0.32995700
   0.025   0.32994900
   0.030   0.32994000
   0.035   0.32992800
   0.040   0.32991500
   0.045   0.32989900
   0.050   0.32988200
   0.055   0.32986400
   0.060   0.32984300
   0.065   0.32982100
   0.070   0.32979600
   0.075   0.32977100
   0.080   0.32974300
   0.085   0.32971300
   0.090   0.32968200
   0.095   0.32964900
   0.100   0.32961400
   0.105   0.32957800
   0.110   0.32953900
   0.115   0.32949900
   0.120   0.32945700
   0.125   0.32941300
   0.130   0.32936800
   0.135   0.32932100
   0.140   0.32927200
   0.145   0.32922100
   0.150   0.32916800
   0.155   0.32911400
   0.160   0.32905800
   0.165   0.32900000
   0.170   0.32894100
   0.175   0.32887900
   0.180   0.32881600
   0.185   0.32875100
   0.190   0.32868500
   0.195   0.32861600
   0.200   0.32854600
   0.205   0.32847400
   0.210   0.32840100
   0.215   0.32832500
   0.220   0.32824800
   0.225   0.32816900
   0.230   0.32808900
   0.235   0.32800600
   0.240   0.32792200
   0.245   0.32783700
   0.250   0.32774900
   0.255   0.32766000
   0.260   0.32756900
   0.265   0.32747600
   0.270   0.32738200
   0.275   0.32728600
   0.280   0.32718800
   0.285   0.32708900
   0.290   0.32698800
   0.295   0.32688500
   0.300   0.32678000
   0.305   0.32667400
   0.310   0.32656600
   0.315   0.32645600
   0.320   0.32634500
   0.325   0.32623200
   0.330   0.32611700
   0.335   0.32600100
   0.340   0.32588300
   0.345   0.32576300
   0.350   0.32564200
   0.355   0.32551900
   0.360   0.32539400
   0.365   0.32526800
   0.370   0.32514000
   0.375   0.32501000
   0.380   0.32487900
   0.385   0.32474600
   0.390   0.32461100
   0.395   0.32447500
   0.400   0.32433700
   0.405   0.32419800
   0.410   0.32405700
   0.415   0.32391400
   0.420   0.32377000
   0.425   0.32362400
   0.430   0.32347600
   0.435   0.32332700
   0.440   0.32317700
   0.445   0.32302400
   0.450   0.32287100
   0.455   0.32271500
   0.460   0.32255800
   0.465   0.32240000
   0.470   0.32223900
   0.475   0.32207800
   0.480   0.32191400
   0.485   0.32175000
   0.490   0.32158300
   0.495   0.32141500
   0.500   0.32124600
   0.505   0.32107500
   0.510   0.32090200
   0.515   0.32072800
   0.520   0.32055300
   0.525   0.32037600
   0.530   0.32019700
   0.535   0.32001700
   0.540   0.31983600
   0.545   0.31965300
   0.550   0.31946800
   0.555   0.31928200
   0.560   0.31909400
   0.565   0.31890600
   0.570   0.31871500
   0.575   0.31852300
   0.580   0.31833000
   0.585   0.31813500
   0.590   0.31793900
   0.595   0.31774100
   0.600   0.31754200
   0.605   0.31734100
   0.610   0.31713900
   0.615   0.31693600
   0.620   0.31673100
   0.625   0.31652500
   0.630   0.31631700
   0.635   0.31610800
   0.640   0.31589800
   0.645   0.31568600
   0.650   0.31547300
   0.655   0.31525800
   0.660   0.31504200
   0.665   0.31482500
   0.670   0.31460700
   0.675   0.31438700
   0.680   0.31416500
   0.685   0.31394300
   0.690   0.31371900
   0.695   0.31349300
   0.700   0.31326700
   0.705   0.31303900
   0.710   0.31280900
   0.715   0.31257900
   0.720   0.31234700
   0.725   0.31211400
   0.730   0.31188000
   0.735   0.31164400
   0.740   0.31140700
   0.745   0.31116900
   0.750   0.31092900
   0.755   0.31068900
   0.760   0.31044700
   0.765   0.31020300
   0.770   0.30995900
   0.775   0.30971300
   0.780   0.30946600
   0.785   0.30921800
   0.790   0.30896900
   0.795   0.30871900
   0.800   0.30846700
   0.805   0.30821400
   0.810   0.30796000
   0.815   0.30770500
   0.820   0.30744800
   0.825   0.30719100
   0.830   0.30693200
   0.835   0.30667200
   0.840   0.30641100
   0.845   0.30614900
   0.850   0.30588600
   0.855   0.30562200
   0.860   0.30535600
   0.865   0.30509000
   0.870   0.30482200
   0.875   0.30455300
   0.880   0.30428300
   0.885   0.30401200
   0.890   0.30374000
   0.895   0.30346700
   0.900   0.30319300
   0.905   0.30291800
   0.910   0.30264200
   0.915   0.30236500
   0.920   0.30208600
   0.925   0.30180700
   0.930   0.30152700
   0.935   0.30124500
   0.940   0.30096300
   0.945   0.30068000
   0.950   0.30039500
   0.955   0.30011000
   0.960   0.29982400
   0.965   0.29953600
   0.970   0.29924800
   0.975   0.29895900
   0.980   0.29866900
   0.985   0.29837800
   0.990   0.29808600
   0.995   0.29779300
