   0.000   0.33997100
   0.005   0.33997000
   0.010   0.33996700
   0.015   0.33996300
   0.020   0.33995600
   0.025   0.33994800
   0.030   0.33993800
   0.035   0.33992600
   0.040   0.33991200
   0.045   0.33989600
   0.050   0.33987900
   0.055   0.33985900
   0.060   0.33983800
   0.065   0.33981500
   0.070   0.33979000
   0.075   0.33976400
   0.080   0.33973500
   0.085   0.33970500
   0.090   0.33967300
   0.095   0.33963800
   0.100   0.33960300
   0.105   0.33956500
   0.110   0.33952500
   0.115   0.33948400
   0.120   0.33944100
   0.125   0.33939600
   0.130   0.33934900
   0.135   0.33930000
   0.140   0.33925000
   0.145   0.33919700
   0.150   0.33914300
   0.155   0.33908700
   0.160   0.33902900
   0.165   0.33897000
   0.170   0.33890800
   0.175   0.33884500
   0.180   0.33878000
   0.185   0.33871300
   0.190   0.33864500
   0.195   0.33857400
   0.200   0.33850200
   0.205   0.33842800
   0.210   0.33835200
   0.215   0.33827500
   0.220   0.33819500
   0.225   0.33811400
   0.230   0.33803100
   0.235   0.33794600
   0.240   0.33785900
   0.245   0.33777100
   0.250   0.33768100
   0.255   0.33758900
   0.260   0.33749500
   0.265   0.33740000
   0.270   0.33730300
   0.275   0.33720400
   0.280   0.33710300
   0.285   0.33700100
   0.290   0.33689600
   0.295   0.33679000
   0.300   0.33668300
   0.305   0.33657300
   0.310   0.33646200
   0.315   0.33634900
   0.320   0.33623400
   0.325   0.33611800
   0.330   0.33599900
   0.335   0.33588000
   0.340   0.33575800
   0.345   0.33563500
   0.350   0.33551000
   0.355   0.33538300
   0.360   0.33525400
   0.365   0.33512400
   0.370   0.33499200
   0.375   0.33485900
   0.380   0.33472300
   0.385   0.33458600
   0.390   0.33444800
   0.395   0.33430800
   0.400   0.33416600
   0.405   0.33402200
   0.410   0.33387700
   0.415   0.33373000
   0.420   0.33358100
   0.425   0.33343100
   0.430   0.33327900
   0.435   0.33312500
   0.440   0.33297000
   0.445   0.33281300
   0.450   0.33265400
   0.455   0.33249400
   0.460   0.33233300
   0.465   0.33216900
   0.470   0.33200400
   0.475   0.33183800
   0.480   0.33166900
   0.485   0.33150000
   0.490   0.33132800
   0.495   0.33115500
   0.500   0.33098100
   0.505   0.33080400
   0.510   0.33062700
   0.515   0.33044700
   0.520   0.33026700
   0.525   0.33008400
   0.530   0.32990000
   0.535   0.32971500
   0.540   0.32952800
   0.545   0.32933900
   0.550   0.32914900
   0.555   0.32895700
   0.560   0.32876400
   0.565   0.32856900
   0.570   0.32837300
   0.575   0.32817500
   0.580   0.32797600
   0.585   0.32777500
   0.590   0.32757300
   0.595   0.32737000
   0.600   0.32716400
   0.605   0.32695800
   0.610   0.32675000
   0.615   0.32654000
   0.620   0.32632900
   0.625   0.32611700
   0.630   0.32590300
   0.635   0.32568700
   0.640   0.32547000
   0.645   0.32525200
   0.650   0.32503300
   0.655   0.32481200
   0.660   0.32458900
   0.665   0.32436500
   0.670   0.32414000
   0.675   0.32391300
   0.680   0.32368500
   0.685   0.32345600
   0.690   0.32322500
   0.695   0.32299300
   0.700   0.32276000
   0.705   0.32252500
   0.710   0.32228900
   0.715   0.32205100
   0.720   0.32181200
   0.725   0.32157200
   0.730   0.32133000
   0.735   0.32108800
   0.740   0.32084400
   0.745   0.32059800
   0.750   0.32035100
   0.755   0.32010300
   0.760   0.31985400
   0.765   0.31960300
   0.770   0.31935200
   0.775   0.31909900
   0.780   0.31884400
   0.785   0.31858900
   0.790   0.31833200
   0.795   0.31807400
   0.800   0.31781400
   0.805   0.31755400
   0.810   0.31729200
   0.815   0.31702900
   0.820   0.31676500
   0.825   0.31650000
   0.830   0.31623300
   0.835   0.31596500
   0.840   0.31569700
   0.845   0.31542600
   0.850   0.31515500
   0.855   0.31488300
   0.860   0.31460900
   0.865   0.31433500
   0.870   0.31405900
   0.875   0.31378200
   0.880   0.31350400
   0.885   0.31322500
   0.890   0.31294500
   0.895   0.31266300
   0.900   0.31238100
   0.905   0.31209700
   0.910   0.31181300
   0.915   0.31152700
   0.920   0.31124000
   0.925   0.31095300
   0.930   0.31066400
   0.935   0.31037400
   0.940   0.31008300
   0.945   0.30979100
   0.950   0.30949800
   0.955   0.30920400
   0.960   0.30890900
   0.965   0.30861300
   0.970   0.30831600
   0.975   0.30801800
   0.980   0.30772000
   0.985   0.30742000
   0.990   0.30711900
   0.995   0.30681700
