0.0 0.359969
0.005 0.359968
0.01 0.359965
0.015 0.35996
0.02 0.359954
0.025 0.359945
0.03 0.359934
0.035 0.359921
0.04 0.359907
0.045 0.35989
0.05 0.359872
0.055 0.359851
0.06 0.359829
0.065 0.359804
0.07 0.359778
0.075 0.35975
0.08 0.35972
0.085 0.359687
0.09 0.359653
0.095 0.359617
0.1 0.359579
0.105 0.359539
0.11 0.359497
0.115 0.359454
0.12 0.359408
0.125 0.35936
0.13 0.359311
0.135 0.359259
0.14 0.359206
0.145 0.35915
0.15 0.359093
0.155 0.359034
0.16 0.358972
0.165 0.358909
0.17 0.358844
0.175 0.358777
0.18 0.358708
0.185 0.358638
0.19 0.358565
0.195 0.35849
0.2 0.358414
0.205 0.358336
0.21 0.358255
0.215 0.358173
0.22 0.358089
0.225 0.358003
0.23 0.357915
0.235 0.357825
0.24 0.357734
0.245 0.35764
0.25 0.357545
0.255 0.357447
0.26 0.357348
0.265 0.357247
0.27 0.357144
0.275 0.357039
0.28 0.356933
0.285 0.356824
0.29 0.356714
0.295 0.356601
0.3 0.356487
0.305 0.356371
0.31 0.356254
0.315 0.356134
0.32 0.356013
0.325 0.355889
0.33 0.355764
0.335 0.355637
0.34 0.355508
0.345 0.355378
0.35 0.355245
0.355 0.355111
0.36 0.354975
0.365 0.354837
0.37 0.354698
0.375 0.354556
0.38 0.354413
0.385 0.354268
0.39 0.354121
0.395 0.353973
0.4 0.353822
0.405 0.35367
0.41 0.353516
0.415 0.353361
0.42 0.353203
0.425 0.353044
0.43 0.352883
0.435 0.352721
0.44 0.352556
0.445 0.35239
0.45 0.352222
0.455 0.352053
0.46 0.351882
0.465 0.351709
0.47 0.351534
0.475 0.351357
0.48 0.351179
0.485 0.351
0.49 0.350818
0.495 0.350635
0.5 0.35045
0.505 0.350264
0.51 0.350075
0.515 0.349886
0.52 0.349694
0.525 0.349501
0.53 0.349306
0.535 0.34911
0.54 0.348912
0.545 0.348712
0.55 0.348511
0.555 0.348308
0.56 0.348103
0.565 0.347897
0.57 0.347689
0.575 0.34748
0.58 0.347269
0.585 0.347056
0.59 0.346842
0.595 0.346627
0.6 0.346409
0.605 0.346191
0.61 0.34597
0.615 0.345748
0.62 0.345525
0.625 0.3453
0.63 0.345073
0.635 0.344845
0.64 0.344616
0.645 0.344385
0.65 0.344152
0.655 0.343918
0.66 0.343683
0.665 0.343446
0.67 0.343207
0.675 0.342967
0.68 0.342726
0.685 0.342483
0.69 0.342238
0.695 0.341993
0.7 0.341745
0.705 0.341497
0.71 0.341247
0.715 0.340995
0.72 0.340742
0.725 0.340488
0.73 0.340232
0.735 0.339975
0.74 0.339717
0.745 0.339457
0.75 0.339196
0.755 0.338933
0.76 0.338669
0.765 0.338404
0.77 0.338137
0.775 0.337869
0.78 0.3376
0.785 0.337329
0.79 0.337057
0.795 0.336784
0.8 0.336509
0.805 0.336233
0.81 0.335956
0.815 0.335678
0.82 0.335398
0.825 0.335117
0.83 0.334835
0.835 0.334552
0.84 0.334267
0.845 0.333981
0.85 0.333694
0.855 0.333405
0.86 0.333116
0.865 0.332825
0.87 0.332533
0.875 0.33224
0.88 0.331945
0.885 0.33165
0.89 0.331353
0.895 0.331055
0.9 0.330756
0.905 0.330456
0.91 0.330155
0.915 0.329852
0.92 0.329549
0.925 0.329244
0.93 0.328938
0.935 0.328631
0.94 0.328323
0.945 0.328014
0.95 0.327704
0.955 0.327393
0.96 0.32708
0.965 0.326767
0.97 0.326453
0.975 0.326137
0.98 0.325821
0.985 0.325503
0.99 0.325185
0.995 0.324865
