GLOBAL PARAMETERS 
   2.1841   1.0000   1.0000   1.0000   1.0000
   1.0000   1.0000   1.0000   1.0000   4.8723
  15.2230   1.0000   2.8000   2.5050   1.8260
   3.9320   4.3090   4.7750   4.5460   2.8210
   3.8130   3.0100   0.9080   3.0000   4.0000
   2.2570   0.4800   0.5000   1.0000   1.0000
   1.0000   1.0000   1.0000   1.0000   1.0000
   1.0000   1.0000   1.0000   1.2000   1.5000
   0.4000   1.8000   0.8000 142.3060   1.0000
   0.0000   0.4093

BONDS PARAMETERS 
   2.8155   3.8000
 206.6711   2.3440
 242.2790   2.6220
 216.3330   2.6330
 234.9361   3.0620
 242.5478   3.0040
 246.2440   2.4500
 215.0603   2.1800
 233.6125   1.5200
 225.3571   1.5930
 244.0244   1.4300
  40.0000  12.0000
  10.0000  12.0000
  10.0000  12.0000
  10.0000  12.0000

ANGLES PARAMETERS 
  85.4417   2.1572
  98.3010   2.3126
  95.3617   2.1555
  94.0401   2.2881
 195.6486   2.0368
 194.0796   1.9408
 147.9635   2.1450
 119.9896   1.9303
  56.0214   1.7104
  51.0777   1.9199
  74.7224   2.3649
 107.6075   1.7104
  80.0000   3.1416

TORSIONS PARAMETERS 
   1.4355     1.00  -0.3491
   2.2926     1.00  -2.7925
   0.7850     1.00  -0.3491
   2.3823     1.00  -2.7925
   0.0070     1.00  -2.8798
   0.0053     1.00  -2.8798
   0.0001     1.00  -2.6180
   1.2236     1.00   2.6180
   0.0042     1.00  -2.6180
   6.9379     1.00  -2.6180
   9.6150     1.00   2.6180
   6.8040     1.00  -2.6180
   9.5265     1.00   2.6180
   0.0017     1.00   1.7453
   0.0019     1.00   1.7453
   2.4784     1.00   1.7453
   2.1953     1.00   1.7453
   0.1276     1.00   0.3491
   0.3638     1.00   2.7925
   0.0087     3.00   1.5708
   0.5825     1.00   2.6180
   0.0105     1.00   0.0000
   0.1500     2.00  -3.1416
   0.4915     3.00   0.0000
   0.4519     2.00   0.0000
