  13 494   2  76  -6.259   0.399   0.176  -6.259
  45 468   7  72  -1.577   0.157   0.002  -1.577
  52 462   8  71  -2.131   0.003   0.473  -2.131
  66 450  10  69  -4.330   0.406   0.000  -4.330
 105 444  16  68  -2.868   0.015   0.275  -2.868
 111 437  17  67  -2.125   0.395   0.002  -2.125
 118 430  18  66  -3.894   0.366   0.000  -3.894
 124 424  19  65  -1.772   0.000   0.500  -1.772
 155 385  24  59  -4.256   0.486   0.374  -4.256
 161 379  25  58  -2.064   0.000   0.195  -2.064
 181 358  28  55  -1.041   0.133   0.000  -1.041
 195 345  30  53  -3.205   0.362   0.000  -3.205
 216 319  33  49  -2.354   0.496   0.000  -2.354
 222 313  34  48  -2.058   0.000   0.195  -2.058
 241 293  37  45  -5.227   0.000   0.494  -5.227
