   1   2   1   1   1   0   0  6.794  4.378  6.000 -0.628 -0.296 -0.778 -0.955 -0.260  0.971 -0.965 -0.239
   1   2   1   1   2   0   0  6.794  4.378  6.000 -0.628  0.993 -0.778 -0.121 -0.260 -0.682 -0.965 -0.731
   1   2   1   1   3   0   0  6.794  4.378  6.730 -0.628  0.208 -0.778  0.978 -0.260  0.256 -0.965  0.967
   1  76   1   3   3   0   0  0.000  6.581  5.680  0.305  0.696 -0.952 -0.718  0.992  0.342 -0.126 -0.940
   1  77   1   3   1   0   0 11.755  4.679  4.750  0.828  0.908 -0.560 -0.418  0.661  0.564 -0.750 -0.826
   1  77   1   3   2   0   0  9.906  4.679  5.280  0.828  0.997 -0.560  0.072  0.661  0.069 -0.750 -0.998
   1  77   1   3   3   0   0  0.000  4.679  5.680  0.828  0.696 -0.560 -0.718  0.661  0.342 -0.750 -0.940
   2   3   1   3   1   0   0 11.755  3.269  4.750 -0.647  0.908 -0.763 -0.418 -0.159  0.564 -0.987 -0.826
   2   3   1   3   2   0   0  9.906  3.269  5.280 -0.647  0.997 -0.763  0.072 -0.159  0.069 -0.987 -0.998
   2   3   1   3   3   0   0  0.000  3.269  5.680 -0.647  0.696 -0.763 -0.718 -0.159  0.342 -0.987 -0.940
   2  75   1   1   1   0   0  6.794  5.299  6.000  0.484 -0.296 -0.875 -0.955  0.954  0.971 -0.299 -0.239
   2  75   1   1   2   0   0  6.794  5.299  6.000  0.484  0.993 -0.875 -0.121  0.954 -0.682 -0.299 -0.731
   2  75   1   1   3   0   0  6.794  5.299  6.730  0.484  0.208 -0.875  0.978  0.954  0.256 -0.299  0.967
   2  76   1   3   1   0   0 11.755  4.791  4.750  0.927  0.908 -0.376 -0.418  0.715  0.564 -0.699 -0.826
   2  76   1   3   2   0   0  9.906  4.791  5.280  0.927  0.997 -0.376  0.072  0.715  0.069 -0.699 -0.998
   2  76   1   3   3   0   0  0.000  4.791  5.680  0.927  0.696 -0.376 -0.718  0.715  0.342 -0.699 -0.940
   2  77   1   3   1   0   0 11.755  5.174  4.750  0.998  0.908  0.055 -0.418  0.112  0.564 -0.994 -0.826
   2  77   1   3   2   0   0  9.906  5.174  5.280  0.998  0.997  0.055  0.072  0.112  0.069 -0.994 -0.998
   2  77   1   3   3   0   0  0.000  5.174  5.680  0.998  0.696  0.055 -0.718  0.112  0.342 -0.994 -0.940
   3   4   3   4   1   0   0  9.906  3.849  4.810  0.659  0.434 -0.752 -0.901  0.760  0.801 -0.649  0.598
   3  74   3   2   1   0   0  6.794  6.682  7.260  0.947 -0.732 -0.321 -0.682  0.917  0.710 -0.398 -0.704
   3  74   3   2   2   0   0  6.794  6.682  5.780  0.947  0.666 -0.321 -0.746  0.917 -0.209 -0.398 -0.978
   3  75   3   1   1   0   0 11.755  4.720  4.750  0.707  0.564 -0.707 -0.826  0.985  0.908 -0.174 -0.418
   3  75   3   1   2   0   0  9.906  4.720  5.280  0.707  0.069 -0.707 -0.998  0.985  0.997 -0.174  0.072
   3  75   3   1   3   0   0  0.000  4.720  5.680  0.707  0.342 -0.707 -0.940  0.985  0.696 -0.174 -0.718
   4   5   4   1   1   0   0  9.494  4.925  5.050  0.979  0.109 -0.204 -0.994 -0.954  0.659 -0.300 -0.752
   4  74   4   2   1   0   0  9.946  4.904  4.920  0.770  0.710 -0.638 -0.704  0.999  0.955 -0.043 -0.297
   4  74   4   2   2   0   0  6.794  4.904  6.000  0.770  0.247 -0.638 -0.969  0.999 -0.614 -0.043 -0.790
   4  74   4   2   3   0   0  6.794  4.904  6.000  0.770  0.777 -0.638 -0.630  0.999 -0.598 -0.043 -0.802
   4  75   4   1   1   0   0  9.494  4.817  5.050  0.340  0.109 -0.940 -0.994  0.877  0.659  0.480 -0.752
   5   7   1   1   1   0   0  6.794  3.635  6.000  1.000 -0.296  0.001 -0.955 -0.720  0.971 -0.694 -0.239
   5   7   1   1   2   0   0  6.794  3.635  6.000  1.000  0.993  0.001 -0.121 -0.720 -0.682 -0.694 -0.731
   5   7   1   1   3   0   0  6.794  3.635  6.730  1.000  0.208  0.001  0.978 -0.720  0.256 -0.694  0.967
   5   8   1   2   2   0   0  6.794  6.851  6.630  0.893  0.119 -0.450  0.993 -0.246 -0.372 -0.969 -0.928
   5   8   1   2   3   0   0  6.794  6.851  6.170  0.893 -0.001 -0.450  1.000 -0.246  0.425 -0.969  0.905
   5   8   1   2   4   0   0  0.000  6.851  6.050  0.893 -0.629 -0.450 -0.777 -0.246  0.867 -0.969 -0.498
   5  72   1   3   3   0   0  0.000  6.411  5.680  0.821  0.696 -0.571 -0.718  0.979  0.342 -0.204 -0.940
   5  73   1   3   1   0   0 11.755  4.651  4.750  0.973  0.908 -0.233 -0.418  0.680  0.564 -0.734 -0.826
   5  73   1   3   2   0   0  9.906  4.651  5.280  0.973  0.997 -0.233  0.072  0.680  0.069 -0.734 -0.998
   5  73   1   3   3   0   0  0.000  4.651  5.680  0.973  0.696 -0.233 -0.718  0.680  0.342 -0.734 -0.940
   5  74   1   2   1   0   0  9.906  3.771  4.880  0.943  0.846  0.332 -0.533  0.425  0.995  0.905 -0.101
   5  74   1   2   2   0   0  6.794  3.771  6.630  0.943  0.119  0.332  0.993  0.425 -0.372  0.905 -0.928
   5  74   1   2   3   0   0  6.794  3.771  6.170  0.943 -0.001  0.332  1.000  0.425  0.425  0.905  0.905
   5  74   1   2   4   0   0  0.000  3.771  6.050  0.943 -0.629  0.332 -0.777  0.425  0.867  0.905 -0.498
   5  75   1   1   1   0   0  6.794  6.848  6.000 -0.758 -0.296  0.652 -0.955 -0.498  0.971  0.867 -0.239
   5  75   1   1   2   0   0  6.794  6.848  6.000 -0.758  0.993  0.652 -0.121 -0.498 -0.682  0.867 -0.731
   5  75   1   1   3   0   0  6.794  6.848  6.730 -0.758  0.208  0.652  0.978 -0.498  0.256  0.867  0.967
   7   8   1   2   1   0   0  9.906  3.440  4.880  0.937  0.846 -0.349 -0.533 -0.799  0.995 -0.601 -0.101
   7   8   1   2   2   0   0  6.794  3.440  6.630  0.937  0.119 -0.349  0.993 -0.799 -0.372 -0.601 -0.928
   7   8   1   2   3   0   0  6.794  3.440  6.170  0.937 -0.001 -0.349  1.000 -0.799  0.425 -0.601  0.905
   7   8   1   2   4   0   0  0.000  3.440  6.050  0.937 -0.629 -0.349 -0.777 -0.799  0.867 -0.601 -0.498
   7   9   1   1   1   0   0  6.794  6.752  6.000  0.752 -0.296 -0.660 -0.955 -0.503  0.971 -0.864 -0.239
   7   9   1   1   2   0   0  6.794  6.752  6.000  0.752  0.993 -0.660 -0.121 -0.503 -0.682 -0.864 -0.731
   7   9   1   1   3   0   0  6.794  6.752  6.730  0.752  0.208 -0.660  0.978 -0.503  0.256 -0.864  0.967
   7  72   1   3   1   0   0 11.755  4.747  4.750  0.983  0.908 -0.185 -0.418  0.711  0.564 -0.704 -0.826
   7  72   1   3   2   0   0  9.906  4.747  5.280  0.983  0.997 -0.185  0.072  0.711  0.069 -0.704 -0.998
   7  72   1   3   3   0   0  0.000  4.747  5.680  0.983  0.696 -0.185 -0.718  0.711  0.342 -0.704 -0.940
   7  73   1   3   1   0   0 11.755  4.599  4.750  0.969  0.908  0.248 -0.418  0.169  0.564 -0.986 -0.826
   7  73   1   3   2   0   0  9.906  4.599  5.280  0.969  0.997  0.248  0.072  0.169  0.069 -0.986 -0.998
   7  73   1   3   3   0   0  0.000  4.599  5.680  0.969  0.696  0.248 -0.718  0.169  0.342 -0.986 -0.940
   7  74   1   2   2   0   0  6.794  6.764  6.630 -0.697  0.119 -0.717  0.993 -0.775 -0.372  0.632 -0.928
   7  74   1   2   3   0   0  6.794  6.764  6.170 -0.697 -0.001 -0.717  1.000 -0.775  0.425  0.632  0.905
   7  74   1   2   4   0   0  0.000  6.764  6.050 -0.697 -0.629 -0.717 -0.777 -0.775  0.867  0.632 -0.498
   8   9   2   1   1   0   0  9.906  3.439  4.880  0.984  0.995 -0.177 -0.101 -0.869  0.846 -0.495 -0.533
   8   9   2   1   2   0   0  6.794  3.439  6.630  0.984 -0.372 -0.177 -0.928 -0.869  0.119 -0.495  0.993
   8   9   2   1   3   0   0  6.794  3.439  6.170  0.984  0.425 -0.177  0.905 -0.869 -0.001 -0.495  1.000
   8   9   2   1   4   0   0  0.000  3.439  6.050  0.984  0.867 -0.177 -0.498 -0.869 -0.629 -0.495 -0.777
   8  10   2   1   2   0   0  6.794  6.786  6.630  0.914 -0.372 -0.406 -0.928 -0.336  0.119 -0.942  0.993
   8  10   2   1   3   0   0  6.794  6.786  6.170  0.914  0.425 -0.406  0.905 -0.336 -0.001 -0.942  1.000
   8  10   2   1   4   0   0  0.000  6.786  6.050  0.914  0.867 -0.406 -0.498 -0.336 -0.629 -0.942 -0.777
   8  69   2   3   1   0   0  6.794  8.136  7.260  0.646  0.710 -0.764 -0.704  0.946 -0.732  0.323 -0.682
   8  70   2   3   1   0   0  6.794  6.388  7.260  0.907  0.710 -0.422 -0.704  0.975 -0.732 -0.221 -0.682
   8  70   2   3   2   0   0  6.794  6.388  5.780  0.907 -0.209 -0.422 -0.978  0.975  0.666 -0.221 -0.746
   8  71   2   4   1   0   0  9.946  4.725  4.920  0.997  0.955 -0.075 -0.297  0.425  0.710 -0.905 -0.704
   8  71   2   4   2   0   0  6.794  4.725  6.000  0.997 -0.614 -0.075 -0.790  0.425  0.247 -0.905 -0.969
   8  71   2   4   3   0   0  6.794  4.725  6.000  0.997 -0.598 -0.075 -0.802  0.425  0.777 -0.905 -0.630
   8  72   2   3   1   0   0  6.794  4.614  7.260  0.773  0.710  0.635 -0.704  0.356 -0.732 -0.935 -0.682
   8  72   2   3   2   0   0  6.794  4.614  5.780  0.773 -0.209  0.635 -0.978  0.356  0.666 -0.935 -0.746
   8  72   2   3   3   0   0  0.000  4.614  4.780  0.773  0.877  0.635 -0.481  0.356  0.208 -0.935 -0.978
   8  73   2   3   1   0   0  6.794  6.587  7.260  0.323  0.710  0.946 -0.704 -0.045 -0.732 -0.999 -0.682
   8  73   2   3   2   0   0  6.794  6.587  5.780  0.323 -0.209  0.946 -0.978 -0.045  0.666 -0.999 -0.746
   9  10   1   1   1   0   0  6.794  3.406  6.000  0.994 -0.296 -0.113 -0.955 -0.613  0.971 -0.790 -0.239
   9  10   1   1   2   0   0  6.794  3.406  6.000  0.994  0.993 -0.113 -0.121 -0.613 -0.682 -0.790 -0.731
   9  10   1   1   3   0   0  6.794  3.406  6.730  0.994  0.208 -0.113  0.978 -0.613  0.256 -0.790  0.967
   9  11   1   2   2   0   0  6.794  6.362  6.630  0.759  0.119 -0.652  0.993 -0.455 -0.372 -0.890 -0.928
   9  11   1   2   3   0   0  6.794  6.362  6.170  0.759 -0.001 -0.652  1.000 -0.455  0.425 -0.890  0.905
   9  11   1   2   4   0   0  0.000  6.362  6.050  0.759 -0.629 -0.652 -0.777 -0.455  0.867 -0.890 -0.498
   9  69   1   3   2   0   0  9.906  6.059  5.280  0.841  0.997 -0.540  0.072  0.991  0.069 -0.131 -0.998
   9  69   1   3   3   0   0  0.000  6.059  5.680  0.841  0.696 -0.540 -0.718  0.991  0.342 -0.131 -0.940
   9  70   1   3   1   0   0 11.755  4.745  4.750  0.999  0.908 -0.042 -0.418  0.732  0.564 -0.681 -0.826
   9  70   1   3   2   0   0  9.906  4.745  5.280  0.999  0.997 -0.042  0.072  0.732  0.069 -0.681 -0.998
   9  70   1   3   3   0   0  0.000  4.745  5.680  0.999  0.696 -0.042 -0.718  0.732  0.342 -0.681 -0.940
   9  71   1   4   1   0   0  9.494  4.892  5.050  0.933  0.659  0.360 -0.752  0.070  0.109 -0.998 -0.994
   9  72   1   3   3   0   0  0.000  6.649  5.680  0.266  0.696  0.964 -0.718  0.191  0.342 -0.982 -0.940
  10  11   1   2   1   0   0  9.906  3.286  4.880  0.803  0.846 -0.596 -0.533 -0.995  0.995  0.101 -0.101
  10  11   1   2   2   0   0  6.794  3.286  6.630  0.803  0.119 -0.596  0.993 -0.995 -0.372  0.101 -0.928
  10  11   1   2   3   0   0  6.794  3.286  6.170  0.803 -0.001 -0.596  1.000 -0.995  0.425  0.101  0.905
  10  11   1   2   4   0   0  0.000  3.286  6.050  0.803 -0.629 -0.596 -0.777 -0.995  0.867  0.101 -0.498
  10  12   1   2   2   0   0  6.794  6.569  6.630  0.307  0.119 -0.952  0.993 -0.978 -0.372  0.211 -0.928
  10  12   1   2   3   0   0  6.794  6.569  6.170  0.307 -0.001 -0.952  1.000 -0.978  0.425  0.211  0.905
  10  12   1   2   4   0   0  0.000  6.569  6.050  0.307 -0.629 -0.952 -0.777 -0.978  0.867  0.211 -0.498
  10  69   1   3   1   0   0 11.755  4.741  4.750  0.944  0.908 -0.330 -0.418  0.733  0.564 -0.680 -0.826
  10  69   1   3   2   0   0  9.906  4.741  5.280  0.944  0.997 -0.330  0.072  0.733  0.069 -0.680 -0.998
  10  69   1   3   3   0   0  0.000  4.741  5.680  0.944  0.696 -0.330 -0.718  0.733  0.342 -0.680 -0.940
  10  70   1   3   1   0   0 11.755  4.886  4.750  0.988  0.908  0.152 -0.418  0.310  0.564 -0.951 -0.826
  10  70   1   3   2   0   0  9.906  4.886  5.280  0.988  0.997  0.152  0.072  0.310  0.069 -0.951 -0.998
  10  70   1   3   3   0   0  0.000  4.886  5.680  0.988  0.696  0.152 -0.718  0.310  0.342 -0.951 -0.940
  11  12   2   2   1   0   0  9.906  3.561  5.630  0.197  0.737 -0.980 -0.675 -0.822  0.737  0.570 -0.675
  11  12   2   2   2   0   0  6.794  3.561  6.840  0.197 -0.498 -0.980 -0.867 -0.822 -0.471  0.570 -0.882
  11  12   2   2   3   0   0  6.794  3.561  5.920  0.197  0.912 -0.980 -0.409 -0.822 -0.277  0.570 -0.961
  11  13   2   3   1   0   0  6.794  6.844  7.260 -0.777  0.710 -0.629 -0.704 -0.879 -0.732 -0.477 -0.682
  11  69   2   3   1   0   0  6.794  4.447  7.260  0.918  0.710  0.396 -0.704  0.440 -0.732 -0.898 -0.682
  11  69   2   3   2   0   0  6.794  4.447  5.780  0.918 -0.209  0.396 -0.978  0.440  0.666 -0.898 -0.746
  11  69   2   3   3   0   0  0.000  4.447  4.780  0.918  0.877  0.396 -0.481  0.440  0.208 -0.898 -0.978
  11  70   2   3   1   0   0  6.794  6.658  7.260  0.592  0.710  0.806 -0.704  0.223 -0.732 -0.975 -0.682
  11  70   2   3   2   0   0  6.794  6.658  5.780  0.592 -0.209  0.806 -0.978  0.223  0.666 -0.975 -0.746
  12  13   2   3   1   0   0  6.794  4.150  7.260 -0.948  0.710 -0.319 -0.704 -0.678 -0.732 -0.735 -0.682
  12  13   2   3   2   0   0  6.794  4.150  5.780 -0.948 -0.209 -0.319 -0.978 -0.678  0.666 -0.735 -0.746
  12  13   2   3   3   0   0  0.000  4.150  4.780 -0.948  0.877 -0.319 -0.481 -0.678  0.208 -0.735 -0.978
  12  69   2   3   1   0   0  6.794  7.072  7.260 -0.081  0.710  0.997 -0.704  0.442 -0.732 -0.897 -0.682
  14  64   4   4   1   0   0  9.906  5.620  4.940 -0.881  0.276 -0.473 -0.961 -0.288  0.789 -0.958 -0.614
  14  64   4   4   2   0   0  9.906  5.620  4.840 -0.881  0.304 -0.473  0.953 -0.288  0.139 -0.958 -0.990
  14  64   4   4   3   0   0  6.794  5.620  5.630 -0.881  0.710 -0.473 -0.704 -0.288  0.841 -0.958  0.541
  15  16   2   3   1   0   0  6.794  3.314  7.260 -0.850  0.710 -0.527 -0.704  0.359 -0.732 -0.933 -0.682
  15  16   2   3   2   0   0  6.794  3.314  5.780 -0.850 -0.209 -0.527 -0.978  0.359  0.666 -0.933 -0.746
  15  16   2   3   3   0   0  0.000  3.314  4.780 -0.850  0.877 -0.527 -0.481  0.359  0.208 -0.933 -0.978
  15  17   2   4   2   0   0  6.794  6.892  6.000 -0.318 -0.614 -0.948 -0.790  0.985  0.247  0.174 -0.969
  15  17   2   4   3   0   0  6.794  6.892  6.000 -0.318 -0.598 -0.948 -0.802  0.985  0.777  0.174 -0.630
  15  68   2   1   1   0   0  9.906  5.500  4.880  0.325  0.995 -0.946 -0.101  0.893  0.846 -0.449 -0.533
  15  68   2   1   2   0   0  6.794  5.500  6.630  0.325 -0.372 -0.946 -0.928  0.893  0.119 -0.449  0.993
  15  68   2   1   3   0   0  6.794  5.500  6.170  0.325  0.425 -0.946  0.905  0.893 -0.001 -0.449  1.000
  15  68   2   1   4   0   0  0.000  5.500  6.050  0.325  0.867 -0.946 -0.498  0.893 -0.629 -0.449 -0.777
  16  17   3   4   1   0   0  9.906  3.751  4.810  0.993  0.434 -0.116 -0.901  0.703  0.801  0.711  0.598
  16  67   3   2   1   0   0  6.794  6.432  7.260  0.926 -0.732 -0.379 -0.682  0.841  0.710 -0.541 -0.704
  16  67   3   2   2   0   0  6.794  6.432  5.780  0.926  0.666 -0.379 -0.746  0.841 -0.209 -0.541 -0.978
  16  68   3   1   1   0   0 11.755  4.754  4.750  0.670  0.564 -0.742 -0.826  0.989  0.908 -0.145 -0.418
  16  68   3   1   2   0   0  9.906  4.754  5.280  0.670  0.069 -0.742 -0.998  0.989  0.997 -0.145  0.072
  16  68   3   1   3   0   0  0.000  4.754  5.680  0.670  0.342 -0.742 -0.940  0.989  0.696 -0.145 -0.718
  17  18   4   1   1   0   0  9.494  4.532  5.050  0.503  0.109 -0.864 -0.994 -0.748  0.659 -0.664 -0.752
  17  67   4   2   1   0   0  9.946  4.732  4.920  0.497  0.710 -0.868 -0.704  0.991  0.955 -0.131 -0.297
  17  67   4   2   2   0   0  6.794  4.732  6.000  0.497  0.247 -0.868 -0.969  0.991 -0.614 -0.131 -0.790
  17  67   4   2   3   0   0  6.794  4.732  6.000  0.497  0.777 -0.868 -0.630  0.991 -0.598 -0.131 -0.802
  17  68   4   1   1   0   0  9.494  4.990  5.050  0.301  0.109 -0.953 -0.994  0.960  0.659  0.280 -0.752
  18  19   1   4   1   0   0  9.494  3.424  5.050 -0.837  0.659 -0.547 -0.752 -0.296  0.109 -0.955 -0.994
  18  20   1   3   3   0   0  0.000  6.606  5.680  0.604  0.696 -0.797 -0.718  0.972  0.342  0.236 -0.940
  18  65   1   1   1   0   0  6.794  5.665  6.000  0.729 -0.296 -0.684 -0.955  0.568  0.971 -0.823 -0.239
  18  65   1   1   2   0   0  6.794  5.665  6.000  0.729  0.993 -0.684 -0.121  0.568 -0.682 -0.823 -0.731
  18  65   1   1   3   0   0  6.794  5.665  6.730  0.729  0.208 -0.684  0.978  0.568  0.256 -0.823  0.967
  18  66   1   3   1   0   0 11.755  4.747  4.750  0.934  0.908 -0.358 -0.418  0.742  0.564 -0.671 -0.826
  18  66   1   3   2   0   0  9.906  4.747  5.280  0.934  0.997 -0.358  0.072  0.742  0.069 -0.671 -0.998
  18  66   1   3   3   0   0  0.000  4.747  5.680  0.934  0.696 -0.358 -0.718  0.742  0.342 -0.671 -0.940
  18  67   1   2   1   0   0  9.906  3.675  4.880  0.999  0.846 -0.047 -0.533  0.649  0.995  0.760 -0.101
  18  67   1   2   2   0   0  6.794  3.675  6.630  0.999  0.119 -0.047  0.993  0.649 -0.372  0.760 -0.928
  18  67   1   2   3   0   0  6.794  3.675  6.170  0.999 -0.001 -0.047  1.000  0.649  0.425  0.760  0.905
  18  67   1   2   4   0   0  0.000  3.675  6.050  0.999 -0.629 -0.047 -0.777  0.649  0.867  0.760 -0.498
  18  68   1   1   1   0   0  6.794  6.598  6.000  0.926 -0.296 -0.376 -0.955  0.283  0.971  0.959 -0.239
  18  68   1   1   2   0   0  6.794  6.598  6.000  0.926  0.993 -0.376 -0.121  0.283 -0.682  0.959 -0.731
  18  68   1   1   3   0   0  6.794  6.598  6.730  0.926  0.208 -0.376  0.978  0.283  0.256  0.959  0.967
  19  20   4   3   1   0   0  9.906  4.095  4.810  0.181  0.801 -0.984  0.598  0.615  0.434  0.788 -0.901
  19  65   4   1   1   0   0  9.494  5.327  5.050  0.258  0.109 -0.966 -0.994  0.591  0.659 -0.807 -0.752
  19  67   4   2   2   0   0  6.794  6.989  6.000 -0.152  0.247 -0.988 -0.969  0.656 -0.614  0.755 -0.790
  19  67   4   2   3   0   0  6.794  6.989  6.000 -0.152  0.777 -0.988 -0.630  0.656 -0.598  0.755 -0.802
  20  21   3   4   1   0   0  9.906  3.558  4.810  0.623  0.434  0.782 -0.901  0.908  0.801 -0.418  0.598
  20  63   3   1   1   0   0 11.755  4.598  4.750  0.635  0.564 -0.772 -0.826  0.964  0.908 -0.266 -0.418
  20  63   3   1   2   0   0  9.906  4.598  5.280  0.635  0.069 -0.772 -0.998  0.964  0.997 -0.266  0.072
  20  63   3   1   3   0   0  0.000  4.598  5.680  0.635  0.342 -0.772 -0.940  0.964  0.696 -0.266 -0.718
  20  65   3   1   1   0   0 11.755  4.033  4.750  0.056  0.564 -0.998 -0.826  0.870  0.908 -0.493 -0.418
  20  65   3   1   2   0   0  9.906  4.033  5.280  0.056  0.069 -0.998 -0.998  0.870  0.997 -0.493  0.072
  20  65   3   1   3   0   0  0.000  4.033  5.680  0.056  0.342 -0.998 -0.940  0.870  0.696 -0.493 -0.718
  21  22   4   4   1   0   0  9.906  3.924  4.940  0.555  0.276 -0.832 -0.961  0.750  0.789  0.661 -0.614
  21  22   4   4   2   0   0  9.906  3.924  4.840  0.555  0.304 -0.832  0.953  0.750  0.139  0.661 -0.990
  21  22   4   4   3   0   0  6.794  3.924  5.630  0.555  0.710 -0.832 -0.704  0.750  0.841  0.661  0.541
  21  62   4   3   1   0   0  9.906  4.807  4.810  0.671  0.801 -0.741  0.598  0.419  0.434 -0.908 -0.901
  21  63   4   1   1   0   0  9.494  5.244  5.050  0.222  0.109 -0.975 -0.994  0.998  0.659 -0.058 -0.752
  22  23   4   3   1   0   0  9.906  3.976  4.810 -0.039  0.801 -0.999  0.598  0.784  0.434  0.621 -0.901
  22  61   4   4   1   0   0  9.906  5.355  4.940  0.759  0.276 -0.651 -0.961  0.551  0.789 -0.835 -0.614
  22  61   4   4   2   0   0  9.906  5.355  4.840  0.759  0.304 -0.651  0.953  0.551  0.139 -0.835 -0.990
  22  61   4   4   3   0   0  6.794  5.355  5.630  0.759  0.710 -0.651 -0.704  0.551  0.841 -0.835  0.541
  22  62   4   3   1   0   0  9.906  4.674  4.810  0.401  0.801 -0.916  0.598 -0.131  0.434 -0.991 -0.901
  23  24   3   2   1   0   0  6.794  4.437  7.260  0.739 -0.732 -0.674 -0.682 -0.623  0.710 -0.782 -0.704
  23  24   3   2   2   0   0  6.794  4.437  5.780  0.739  0.666 -0.674 -0.746 -0.623 -0.209 -0.782 -0.978
  23  24   3   2   3   0   0  0.000  4.437  4.780  0.739  0.208 -0.674 -0.978 -0.623  0.877 -0.782 -0.481
  23  60   3   1   1   0   0 11.755  4.472  4.750  0.678  0.564 -0.735 -0.826  0.980  0.908 -0.198 -0.418
  23  60   3   1   2   0   0  9.906  4.472  5.280  0.678  0.069 -0.735 -0.998  0.980  0.997 -0.198  0.072
  23  60   3   1   3   0   0  0.000  4.472  5.680  0.678  0.342 -0.735 -0.940  0.980  0.696 -0.198 -0.718
  23  61   3   4   1   0   0  9.906  5.280  4.810  0.667  0.434 -0.745 -0.901 -0.050  0.801 -0.999  0.598
  24  25   2   3   1   0   0  6.794  3.261  7.260  0.633  0.710  0.774 -0.704  0.432 -0.732 -0.902 -0.682
  24  25   2   3   2   0   0  6.794  3.261  5.780  0.633 -0.209  0.774 -0.978  0.432  0.666 -0.902 -0.746
  24  25   2   3   3   0   0  0.000  3.261  4.780  0.633  0.877  0.774 -0.481  0.432  0.208 -0.902 -0.978
  24  26   2   1   2   0   0  6.794  7.001  6.630 -0.961 -0.372  0.278 -0.928 -0.701  0.119 -0.713  0.993
  24  26   2   1   3   0   0  6.794  7.001  6.170 -0.961  0.425  0.278  0.905 -0.701 -0.001 -0.713  1.000
  24  26   2   1   4   0   0  0.000  7.001  6.050 -0.961  0.867  0.278 -0.498 -0.701 -0.629 -0.713 -0.777
  24  58   2   1   1   0   0  9.906  5.632  4.880  0.814  0.995 -0.581 -0.101  0.899  0.846 -0.437 -0.533
  24  58   2   1   2   0   0  6.794  5.632  6.630  0.814 -0.372 -0.581 -0.928  0.899  0.119 -0.437  0.993
  24  58   2   1   3   0   0  6.794  5.632  6.170  0.814  0.425 -0.581  0.905  0.899 -0.001 -0.437  1.000
  24  58   2   1   4   0   0  0.000  5.632  6.050  0.814  0.867 -0.581 -0.498  0.899 -0.629 -0.437 -0.777
  24  59   2   4   1   0   0  9.946  4.696  4.920  0.962  0.955 -0.272 -0.297  0.537  0.710 -0.844 -0.704
  24  59   2   4   2   0   0  6.794  4.696  6.000  0.962 -0.614 -0.272 -0.790  0.537  0.247 -0.844 -0.969
  24  59   2   4   3   0   0  6.794  4.696  6.000  0.962 -0.598 -0.272 -0.802  0.537  0.777 -0.844 -0.630
  24  60   2   1   1   0   0  9.906  3.985  4.880  0.994  0.995 -0.108 -0.101  0.987  0.846  0.163 -0.533
  24  60   2   1   2   0   0  6.794  3.985  6.630  0.994 -0.372 -0.108 -0.928  0.987  0.119  0.163  0.993
  24  60   2   1   3   0   0  6.794  3.985  6.170  0.994  0.425 -0.108  0.905  0.987 -0.001  0.163  1.000
  24  60   2   1   4   0   0  0.000  3.985  6.050  0.994  0.867 -0.108 -0.498  0.987 -0.629  0.163 -0.777
  25  26   3   1   1   0   0 11.755  3.816  4.750 -0.060  0.564  0.998 -0.826 -0.874  0.908 -0.486 -0.418
  25  26   3   1   2   0   0  9.906  3.816  5.280 -0.060  0.069  0.998 -0.998 -0.874  0.997 -0.486  0.072
  25  26   3   1   3   0   0  0.000  3.816  5.680 -0.060  0.342  0.998 -0.940 -0.874  0.696 -0.486 -0.718
  25  57   3   2   1   0   0  6.794  7.104  7.260  0.976 -0.732 -0.218 -0.682  0.833  0.710 -0.553 -0.704
  25  58   3   1   1   0   0 11.755  4.713  4.750  0.706  0.564 -0.708 -0.826  0.959  0.908 -0.284 -0.418
  25  58   3   1   2   0   0  9.906  4.713  5.280  0.706  0.069 -0.708 -0.998  0.959  0.997 -0.284  0.072
  25  58   3   1   3   0   0  0.000  4.713  5.680  0.706  0.342 -0.708 -0.940  0.959  0.696 -0.284 -0.718
  25  59   3   4   1   0   0  9.906  5.543  4.810  0.352  0.434 -0.936 -0.901  0.397  0.801 -0.918  0.598
  26  27   1   3   3   0   0  0.000  6.332  5.680 -0.999  0.696  0.054 -0.718  0.652  0.342  0.758 -0.940
  26  57   1   2   2   0   0  6.794  6.490  6.630 -0.904  0.119 -0.429  0.993  0.865 -0.372 -0.502 -0.928
  26  57   1   2   3   0   0  6.794  6.490  6.170 -0.904 -0.001 -0.429  1.000  0.865  0.425 -0.502  0.905
  26  57   1   2   4   0   0  0.000  6.490  6.050 -0.904 -0.629 -0.429 -0.777  0.865  0.867 -0.502 -0.498
  26  58   1   1   1   0   0  6.794  6.474  6.000 -0.957 -0.296 -0.292 -0.955  0.953  0.971 -0.301 -0.239
  26  58   1   1   2   0   0  6.794  6.474  6.000 -0.957  0.993 -0.292 -0.121  0.953 -0.682 -0.301 -0.731
  26  58   1   1   3   0   0  6.794  6.474  6.730 -0.957  0.208 -0.292  0.978  0.953  0.256 -0.301  0.967
  27  28   3   2   1   0   0  6.794  5.996  7.260  0.863 -0.732 -0.505 -0.682 -0.969  0.710 -0.248 -0.704
  27  28   3   2   2   0   0  6.794  5.996  5.780  0.863  0.666 -0.505 -0.746 -0.969 -0.209 -0.248 -0.978
  27  56   3   1   1   0   0 11.755  4.661  4.750  0.676  0.564 -0.737 -0.826  0.950  0.908 -0.312 -0.418
  27  56   3   1   2   0   0  9.906  4.661  5.280  0.676  0.069 -0.737 -0.998  0.950  0.997 -0.312  0.072
  27  56   3   1   3   0   0  0.000  4.661  5.680  0.676  0.342 -0.737 -0.940  0.950  0.696 -0.312 -0.718
  27  57   3   2   1   0   0  6.794  3.997  7.260  0.467 -0.732 -0.884 -0.682  0.848  0.710  0.530 -0.704
  27  57   3   2   2   0   0  6.794  3.997  5.780  0.467  0.666 -0.884 -0.746  0.848 -0.209  0.530 -0.978
  27  57   3   2   3   0   0  0.000  3.997  4.780  0.467  0.208 -0.884 -0.978  0.848  0.877  0.530 -0.481
  28  29   2   1   1   0   0  9.906  3.614  4.880  0.421  0.995 -0.907 -0.101 -0.474  0.846  0.880 -0.533
  28  29   2   1   2   0   0  6.794  3.614  6.630  0.421 -0.372 -0.907 -0.928 -0.474  0.119  0.880  0.993
  28  29   2   1   3   0   0  6.794  3.614  6.170  0.421  0.425 -0.907  0.905 -0.474 -0.001  0.880  1.000
  28  29   2   1   4   0   0  0.000  3.614  6.050  0.421  0.867 -0.907 -0.498 -0.474 -0.629  0.880 -0.777
  28  52   2   1   2   0   0  6.794  7.483  6.630 -0.983 -0.372  0.182 -0.928  0.300  0.119  0.954  0.993
  28  54   2   2   1   0   0  9.906  6.618  5.630  0.997  0.737  0.082 -0.675  0.038  0.737 -0.999 -0.675
  28  54   2   2   2   0   0  6.794  6.618  6.840  0.997 -0.498  0.082 -0.867  0.038 -0.471 -0.999 -0.882
  28  54   2   2   3   0   0  6.794  6.618  5.920  0.997  0.912  0.082 -0.409  0.038 -0.277 -0.999 -0.961
  28  55   2   4   1   0   0  9.946  4.777  4.920  0.955  0.955 -0.297 -0.297  0.667  0.710 -0.745 -0.704
  28  55   2   4   2   0   0  6.794  4.777  6.000  0.955 -0.614 -0.297 -0.790  0.667  0.247 -0.745 -0.969
  28  55   2   4   3   0   0  6.794  4.777  6.000  0.955 -0.598 -0.297 -0.802  0.667  0.777 -0.745 -0.630
  28  56   2   1   1   0   0  9.906  3.803  4.880 -0.945  0.995  0.327 -0.101  0.977  0.846  0.214 -0.533
  28  56   2   1   2   0   0  6.794  3.803  6.630 -0.945 -0.372  0.327 -0.928  0.977  0.119  0.214  0.993
  28  56   2   1   3   0   0  6.794  3.803  6.170 -0.945  0.425  0.327  0.905  0.977 -0.001  0.214  1.000
  28  56   2   1   4   0   0  0.000  3.803  6.050 -0.945  0.867  0.327 -0.498  0.977 -0.629  0.214 -0.777
  28  57   2   2   2   0   0  6.794  7.540  6.840 -0.981 -0.498 -0.195 -0.867 -0.999 -0.471 -0.054 -0.882
  29  51   1   2   2   0   0  6.794  6.837  6.630  0.473  0.119  0.881  0.993  0.444 -0.372  0.896 -0.928
  29  51   1   2   3   0   0  6.794  6.837  6.170  0.473 -0.001  0.881  1.000  0.444  0.425  0.896  0.905
  29  51   1   2   4   0   0  0.000  6.837  6.050  0.473 -0.629  0.881 -0.777  0.444  0.867  0.896 -0.498
  29  52   1   1   1   0   0  6.794  4.440  6.000 -0.729 -0.296 -0.684 -0.955  0.064  0.971  0.998 -0.239
  29  52   1   1   2   0   0  6.794  4.440  6.000 -0.729  0.993 -0.684 -0.121  0.064 -0.682  0.998 -0.731
  29  52   1   1   3   0   0  6.794  4.440  6.730 -0.729  0.208 -0.684  0.978  0.064  0.256  0.998  0.967
  29  53   1   4   1   0   0  9.494  5.032  5.050  0.917  0.659  0.398 -0.752  0.535  0.109  0.845 -0.994
  29  54   1   2   2   0   0  6.794  6.284  6.630  0.308  0.119  0.951  0.993 -0.197 -0.372 -0.980 -0.928
  29  54   1   2   3   0   0  6.794  6.284  6.170  0.308 -0.001  0.951  1.000 -0.197  0.425 -0.980  0.905
  29  54   1   2   4   0   0  0.000  6.284  6.050  0.308 -0.629  0.951 -0.777 -0.197  0.867 -0.980 -0.498
  29  55   1   4   1   0   0  9.494  5.749  5.050  0.553  0.659  0.833 -0.752  0.806  0.109 -0.592 -0.994
  29  56   1   1   3   0   0  6.794  7.375  6.730 -0.307  0.208  0.952  0.978  0.959  0.256 -0.285  0.967
  30  31   2   2   1   0   0  9.906  3.232  5.630  0.550  0.737 -0.835 -0.675 -0.751  0.737  0.660 -0.675
  30  31   2   2   2   0   0  6.794  3.232  6.840  0.550 -0.498 -0.835 -0.867 -0.751 -0.471  0.660 -0.882
  30  31   2   2   3   0   0  6.794  3.232  5.920  0.550  0.912 -0.835 -0.409 -0.751 -0.277  0.660 -0.961
  30  32   2   2   2   0   0  6.794  6.687  6.840  0.929 -0.498 -0.371 -0.867 -0.351 -0.471 -0.936 -0.882
  30  32   2   2   3   0   0  6.794  6.687  5.920  0.929  0.912 -0.371 -0.409 -0.351 -0.277 -0.936 -0.961
  30  51   2   2   2   0   0  6.794  6.660  6.840 -0.909 -0.498 -0.416 -0.867 -0.233 -0.471 -0.973 -0.882
  30  51   2   2   3   0   0  6.794  6.660  5.920 -0.909  0.912 -0.416 -0.409 -0.233 -0.277 -0.973 -0.961
  30  53   2   4   1   0   0  9.946  5.888  4.920 -0.642  0.955 -0.767 -0.297  0.724  0.710 -0.690 -0.704
  30  53   2   4   2   0   0  6.794  5.888  6.000 -0.642 -0.614 -0.767 -0.790  0.724  0.247 -0.690 -0.969
  30  53   2   4   3   0   0  6.794  5.888  6.000 -0.642 -0.598 -0.767 -0.802  0.724  0.777 -0.690 -0.630
  30  54   2   2   1   0   0  9.906  3.590  5.630 -0.974  0.737 -0.228 -0.675 -0.132  0.737  0.991 -0.675
  30  54   2   2   2   0   0  6.794  3.590  6.840 -0.974 -0.498 -0.228 -0.867 -0.132 -0.471  0.991 -0.882
  30  54   2   2   3   0   0  6.794  3.590  5.920 -0.974  0.912 -0.228 -0.409 -0.132 -0.277  0.991 -0.961
  30  55   2   4   2   0   0  6.794  6.922  6.000 -0.739 -0.614 -0.674 -0.790 -0.602  0.247 -0.798 -0.969
  30  55   2   4   3   0   0  6.794  6.922  6.000 -0.739 -0.598 -0.674 -0.802 -0.602  0.777 -0.798 -0.630
  31  32   2   2   1   0   0  9.906  3.808  5.630  0.714  0.737  0.700 -0.675 -0.100  0.737 -0.995 -0.675
  31  32   2   2   2   0   0  6.794  3.808  6.840  0.714 -0.498  0.700 -0.867 -0.100 -0.471 -0.995 -0.882
  31  32   2   2   3   0   0  6.794  3.808  5.920  0.714  0.912  0.700 -0.409 -0.100 -0.277 -0.995 -0.961
  31  33   2   1   2   0   0  6.794  6.793  6.630 -0.480 -0.372 -0.877 -0.928 -0.964  0.119  0.266  0.993
  31  33   2   1   3   0   0  6.794  6.793  6.170 -0.480  0.425 -0.877  0.905 -0.964 -0.001  0.266  1.000
  31  33   2   1   4   0   0  0.000  6.793  6.050 -0.480  0.867 -0.877 -0.498 -0.964 -0.629  0.266 -0.777
  31  50   2   4   2   0   0  6.794  6.380  6.000 -0.472 -0.614 -0.882 -0.790 -0.530  0.247 -0.848 -0.969
  31  50   2   4   3   0   0  6.794  6.380  6.000 -0.472 -0.598 -0.882 -0.802 -0.530  0.777 -0.848 -0.630
  31  51   2   2   1   0   0  9.906  6.239  5.630 -0.485  0.737 -0.874 -0.675 -0.493  0.737 -0.870 -0.675
  31  51   2   2   2   0   0  6.794  6.239  6.840 -0.485 -0.498 -0.874 -0.867 -0.493 -0.471 -0.870 -0.882
  31  51   2   2   3   0   0  6.794  6.239  5.920 -0.485  0.912 -0.874 -0.409 -0.493 -0.277 -0.870 -0.961
  31  53   2   4   2   0   0  6.794  6.470  6.000  0.047 -0.614 -0.999 -0.790  0.277  0.247 -0.961 -0.969
  31  53   2   4   3   0   0  6.794  6.470  6.000  0.047 -0.598 -0.999 -0.802  0.277  0.777 -0.961 -0.630
  31  54   2   2   1   0   0  9.906  6.577  5.630 -0.952  0.737 -0.305 -0.675 -0.778  0.737  0.628 -0.675
  31  54   2   2   2   0   0  6.794  6.577  6.840 -0.952 -0.498 -0.305 -0.867 -0.778 -0.471  0.628 -0.882
  31  54   2   2   3   0   0  6.794  6.577  5.920 -0.952  0.912 -0.305 -0.409 -0.778 -0.277  0.628 -0.961
  32  33   2   1   1   0   0  9.906  5.023  4.880 -0.341  0.995 -0.940 -0.101 -0.706  0.846  0.708 -0.533
  32  33   2   1   2   0   0  6.794  5.023  6.630 -0.341 -0.372 -0.940 -0.928 -0.706  0.119  0.708  0.993
  32  33   2   1   3   0   0  6.794  5.023  6.170 -0.341  0.425 -0.940  0.905 -0.706 -0.001  0.708  1.000
  32  33   2   1   4   0   0  0.000  5.023  6.050 -0.341  0.867 -0.940 -0.498 -0.706 -0.629  0.708 -0.777
  32  34   2   3   1   0   0  6.794  7.881  7.260 -0.440  0.710 -0.898 -0.704 -1.000 -0.732  0.026 -0.682
  33  34   1   3   1   0   0 11.755  3.185  4.750  0.578  0.908 -0.816 -0.418 -0.026  0.564 -1.000 -0.826
  33  34   1   3   2   0   0  9.906  3.185  5.280  0.578  0.997 -0.816  0.072 -0.026  0.069 -1.000 -0.998
  33  34   1   3   3   0   0  0.000  3.185  5.680  0.578  0.696 -0.816 -0.718 -0.026  0.342 -1.000 -0.940
  33  48   1   1   1   0   0  6.794  6.215  6.000  0.611 -0.296 -0.792 -0.955  0.929  0.971 -0.370 -0.239
  33  48   1   1   2   0   0  6.794  6.215  6.000  0.611  0.993 -0.792 -0.121  0.929 -0.682 -0.370 -0.731
  33  48   1   1   3   0   0  6.794  6.215  6.730  0.611  0.208 -0.792  0.978  0.929  0.256 -0.370  0.967
  33  49   1   4   1   0   0  9.494  5.289  5.050  0.710  0.659 -0.704 -0.752  0.119  0.109 -0.993 -0.994
  33  50   1   4   1   0   0  9.494  5.777  5.050  0.787  0.659 -0.617 -0.752 -0.762  0.109 -0.648 -0.994
  34  35   3   1   1   0   0 11.755  5.031  4.750  0.933  0.564 -0.360 -0.826 -0.869  0.908 -0.495 -0.418
  34  35   3   1   2   0   0  9.906  5.031  5.280  0.933  0.069 -0.360 -0.998 -0.869  0.997 -0.495  0.072
  34  35   3   1   3   0   0  0.000  5.031  5.680  0.933  0.342 -0.360 -0.940 -0.869  0.696 -0.495 -0.718
  34  48   3   1   1   0   0 11.755  4.722  4.750  0.695  0.564 -0.719 -0.826  0.968  0.908 -0.250 -0.418
  34  48   3   1   2   0   0  9.906  4.722  5.280  0.695  0.069 -0.719 -0.998  0.968  0.997 -0.250  0.072
  34  48   3   1   3   0   0  0.000  4.722  5.680  0.695  0.342 -0.719 -0.940  0.968  0.696 -0.250 -0.718
  35  36   1   4   1   0   0  9.494  3.495  5.050 -0.898  0.659  0.441 -0.752  0.514  0.109 -0.858 -0.994
  35  46   1   1   1   0   0  6.794  6.408  6.000  0.906 -0.296 -0.423 -0.955  0.855  0.971 -0.519 -0.239
  35  46   1   1   2   0   0  6.794  6.408  6.000  0.906  0.993 -0.423 -0.121  0.855 -0.682 -0.519 -0.731
  35  46   1   1   3   0   0  6.794  6.408  6.730  0.906  0.208 -0.423  0.978  0.855  0.256 -0.519  0.967
  35  47   1   3   1   0   0 11.755  4.470  4.750  0.971  0.908 -0.241 -0.418  0.641  0.564 -0.768 -0.826
  35  47   1   3   2   0   0  9.906  4.470  5.280  0.971  0.997 -0.241  0.072  0.641  0.069 -0.768 -0.998
  35  47   1   3   3   0   0  0.000  4.470  5.680  0.971  0.696 -0.241 -0.718  0.641  0.342 -0.768 -0.940
  35  48   1   1   1   0   0  6.794  3.254  6.000  0.985 -0.296  0.170 -0.955  1.000  0.971 -0.031 -0.239
  35  48   1   1   2   0   0  6.794  3.254  6.000  0.985  0.993  0.170 -0.121  1.000 -0.682 -0.031 -0.731
  35  48   1   1   3   0   0  6.794  3.254  6.730  0.985  0.208  0.170  0.978  1.000  0.256 -0.031  0.967
  36  37   4   3   1   0   0  9.906  5.307  4.810 -0.170  0.801 -0.985  0.598  0.538  0.434  0.843 -0.901
  36  46   4   1   1   0   0  9.494  5.256  5.050  0.357  0.109 -0.934 -0.994  0.887  0.659 -0.462 -0.752
  36  47   4   3   1   0   0  9.906  5.264  4.810  0.254  0.801 -0.967  0.598  0.522  0.434 -0.853 -0.901
  37  38   3   4   1   0   0  9.906  3.668  4.810  0.999  0.434 -0.036 -0.901  0.515  0.801  0.857  0.598
  37  39   3   2   1   0   0  6.794  6.567  7.260  0.781 -0.732  0.625 -0.682 -0.311  0.710 -0.950 -0.704
  37  39   3   2   2   0   0  6.794  6.567  5.780  0.781  0.666  0.625 -0.746 -0.311 -0.209 -0.950 -0.978
  37  45   3   1   1   0   0 11.755  4.776  4.750  0.717  0.564 -0.697 -0.826  0.960  0.908 -0.282 -0.418
  37  45   3   1   2   0   0  9.906  4.776  5.280  0.717  0.069 -0.697 -0.998  0.960  0.997 -0.282  0.072
  37  45   3   1   3   0   0  0.000  4.776  5.680  0.717  0.342 -0.697 -0.940  0.960  0.696 -0.282 -0.718
  37  46   3   1   1   0   0 11.755  3.672  4.750  0.268  0.564 -0.963 -0.826  0.999  0.908 -0.034 -0.418
  37  46   3   1   2   0   0  9.906  3.672  5.280  0.268  0.069 -0.963 -0.998  0.999  0.997 -0.034  0.072
  37  46   3   1   3   0   0  0.000  3.672  5.680  0.268  0.342 -0.963 -0.940  0.999  0.696 -0.034 -0.718
  38  39   4   2   1   0   0  9.946  3.726  4.920  0.938  0.710  0.347 -0.704 -0.997  0.955  0.073 -0.297
  38  39   4   2   2   0   0  6.794  3.726  6.000  0.938  0.247  0.347 -0.969 -0.997 -0.614  0.073 -0.790
  38  39   4   2   3   0   0  6.794  3.726  6.000  0.938  0.777  0.347 -0.630 -0.997 -0.598  0.073 -0.802
  38  43   4   2   1   0   0  9.946  5.765  4.920  0.456  0.710 -0.890 -0.704  0.708  0.955 -0.706 -0.297
  38  43   4   2   2   0   0  6.794  5.765  6.000  0.456  0.247 -0.890 -0.969  0.708 -0.614 -0.706 -0.790
  38  43   4   2   3   0   0  6.794  5.765  6.000  0.456  0.777 -0.890 -0.630  0.708 -0.598 -0.706 -0.802
  38  45   4   1   1   0   0  9.494  4.292  5.050  0.286  0.109 -0.958 -0.994  0.998  0.659 -0.059 -0.752
  39  40   2   1   1   0   0  9.906  5.437  4.880 -0.789  0.995 -0.614 -0.101 -0.076  0.846  0.997 -0.533
  39  40   2   1   2   0   0  6.794  5.437  6.630 -0.789 -0.372 -0.614 -0.928 -0.076  0.119  0.997  0.993
  39  40   2   1   3   0   0  6.794  5.437  6.170 -0.789  0.425 -0.614  0.905 -0.076 -0.001  0.997  1.000
  39  40   2   1   4   0   0  0.000  5.437  6.050 -0.789  0.867 -0.614 -0.498 -0.076 -0.629  0.997 -0.777
  39  42   2   3   1   0   0  6.794  5.572  7.260  0.356  0.710  0.935 -0.704  0.501 -0.732 -0.865 -0.682
  39  42   2   3   2   0   0  6.794  5.572  5.780  0.356 -0.209  0.935 -0.978  0.501  0.666 -0.865 -0.746
  39  42   2   3   3   0   0  0.000  5.572  4.780  0.356  0.877  0.935 -0.481  0.501  0.208 -0.865 -0.978
  39  43   2   2   1   0   0  9.906  5.226  5.630  0.107  0.737  0.994 -0.675 -0.548  0.737 -0.836 -0.675
  39  43   2   2   2   0   0  6.794  5.226  6.840  0.107 -0.498  0.994 -0.867 -0.548 -0.471 -0.836 -0.882
  39  43   2   2   3   0   0  6.794  5.226  5.920  0.107  0.912  0.994 -0.409 -0.548 -0.277 -0.836 -0.961
  39  45   2   1   2   0   0  6.794  6.715  6.630  0.069 -0.372  0.998 -0.928  0.642  0.119 -0.766  0.993
  39  45   2   1   3   0   0  6.794  6.715  6.170  0.069  0.425  0.998  0.905  0.642 -0.001 -0.766  1.000
  39  45   2   1   4   0   0  0.000  6.715  6.050  0.069  0.867  0.998 -0.498  0.642 -0.629 -0.766 -0.777
  41  43   3   2   1   0   0  6.794  7.264  7.260  0.903 -0.732  0.429 -0.682 -0.229  0.710 -0.973 -0.704
  42  43   3   2   1   0   0  6.794  4.816  7.260  0.178 -0.732 -0.984 -0.682 -0.573  0.710 -0.820 -0.704
  42  43   3   2   2   0   0  6.794  4.816  5.780  0.178  0.666 -0.984 -0.746 -0.573 -0.209 -0.820 -0.978
  42  43   3   2   3   0   0  0.000  4.816  4.780  0.178  0.208 -0.984 -0.978 -0.573  0.877 -0.820 -0.481
  43  44   2   4   2   0   0  6.794  6.425  6.000 -0.703 -0.614  0.711 -0.790 -0.235  0.247  0.972 -0.969
  43  44   2   4   3   0   0  6.794  6.425  6.000 -0.703 -0.598  0.711 -0.802 -0.235  0.777  0.972 -0.630
  43  45   2   1   1   0   0  9.906  5.252  4.880  0.264  0.995  0.965 -0.101 -0.993  0.846 -0.119 -0.533
  43  45   2   1   2   0   0  6.794  5.252  6.630  0.264 -0.372  0.965 -0.928 -0.993  0.119 -0.119  0.993
  43  45   2   1   3   0   0  6.794  5.252  6.170  0.264  0.425  0.965  0.905 -0.993 -0.001 -0.119  1.000
  43  45   2   1   4   0   0  0.000  5.252  6.050  0.264  0.867  0.965 -0.498 -0.993 -0.629 -0.119 -0.777
  45  46   1   1   1   0   0  6.794  4.117  6.000  0.989 -0.296 -0.145 -0.955 -0.912  0.971 -0.411 -0.239
  45  46   1   1   2   0   0  6.794  4.117  6.000  0.989  0.993 -0.145 -0.121 -0.912 -0.682 -0.411 -0.731
  45  46   1   1   3   0   0  6.794  4.117  6.730  0.989  0.208 -0.145  0.978 -0.912  0.256 -0.411  0.967
  46  47   1   3   1   0   0 11.755  3.270  4.750  0.793  0.908  0.610 -0.418  0.894  0.564 -0.449 -0.826
  46  47   1   3   2   0   0  9.906  3.270  5.280  0.793  0.997  0.610  0.072  0.894  0.069 -0.449 -0.998
  46  47   1   3   3   0   0  0.000  3.270  5.680  0.793  0.696  0.610 -0.718  0.894  0.342 -0.449 -0.940
  47  48   3   1   1   0   0 11.755  5.428  4.750  0.739  0.564 -0.673 -0.826 -0.828  0.908 -0.561 -0.418
  47  48   3   1   2   0   0  9.906  5.428  5.280  0.739  0.069 -0.673 -0.998 -0.828  0.997 -0.561  0.072
  47  48   3   1   3   0   0  0.000  5.428  5.680  0.739  0.342 -0.673 -0.940 -0.828  0.696 -0.561 -0.718
  48  49   1   4   1   0   0  9.494  3.776  5.050 -0.967  0.659 -0.254 -0.752 -0.424  0.109 -0.906 -0.994
  49  50   4   4   1   0   0  9.906  3.428  4.940  0.674  0.276  0.738 -0.961 -0.623  0.789 -0.782 -0.614
  49  50   4   4   2   0   0  9.906  3.428  4.840  0.674  0.304  0.738  0.953 -0.623  0.139 -0.782 -0.990
  49  50   4   4   3   0   0  6.794  3.428  5.630  0.674  0.710  0.738 -0.704 -0.623  0.841 -0.782  0.541
  50  51   4   2   1   0   0  9.946  3.889  4.920  0.923  0.710  0.385 -0.704 -0.610  0.955 -0.792 -0.297
  50  51   4   2   2   0   0  6.794  3.889  6.000  0.923  0.247  0.385 -0.969 -0.610 -0.614 -0.792 -0.790
  50  51   4   2   3   0   0  6.794  3.889  6.000  0.923  0.777  0.385 -0.630 -0.610 -0.598 -0.792 -0.802
  51  52   2   1   2   0   0  6.794  5.959  6.630  0.599 -0.372  0.801 -0.928  0.393  0.119  0.920  0.993
  51  52   2   1   3   0   0  6.794  5.959  6.170  0.599  0.425  0.801  0.905  0.393 -0.001  0.920  1.000
  51  52   2   1   4   0   0  0.000  5.959  6.050  0.599  0.867  0.801 -0.498  0.393 -0.629  0.920 -0.777
  51  53   2   4   1   0   0  9.946  4.277  4.920 -0.843  0.955  0.538 -0.297  0.727  0.710 -0.687 -0.704
  51  53   2   4   2   0   0  6.794  4.277  6.000 -0.843 -0.614  0.538 -0.790  0.727  0.247 -0.687 -0.969
  51  53   2   4   3   0   0  6.794  4.277  6.000 -0.843 -0.598  0.538 -0.802  0.727  0.777 -0.687 -0.630
  51  54   2   2   2   0   0  6.794  7.528  6.840  0.115 -0.498 -0.993 -0.867 -0.302 -0.471 -0.953 -0.882
  53  54   4   2   1   0   0  9.946  5.420  4.920  0.949  0.710  0.316 -0.704 -0.747  0.955 -0.664 -0.297
  53  54   4   2   2   0   0  6.794  5.420  6.000  0.949  0.247  0.316 -0.969 -0.747 -0.614 -0.664 -0.790
  53  54   4   2   3   0   0  6.794  5.420  6.000  0.949  0.777  0.316 -0.630 -0.747 -0.598 -0.664 -0.802
  53  55   4   4   3   0   0  6.794  6.389  5.630  0.300  0.710  0.954 -0.704  0.958  0.841 -0.285  0.541
  54  55   2   4   1   0   0  9.946  3.548  4.920 -0.912  0.955 -0.410 -0.297 -0.474  0.710 -0.881 -0.704
  54  55   2   4   2   0   0  6.794  3.548  6.000 -0.912 -0.614 -0.410 -0.790 -0.474  0.247 -0.881 -0.969
  54  55   2   4   3   0   0  6.794  3.548  6.000 -0.912 -0.598 -0.410 -0.802 -0.474  0.777 -0.881 -0.630
  56  57   1   2   1   0   0  9.906  4.145  4.880  0.827  0.846 -0.562 -0.533 -0.978  0.995 -0.207 -0.101
  56  57   1   2   2   0   0  6.794  4.145  6.630  0.827  0.119 -0.562  0.993 -0.978 -0.372 -0.207 -0.928
  56  57   1   2   3   0   0  6.794  4.145  6.170  0.827 -0.001 -0.562  1.000 -0.978  0.425 -0.207  0.905
  56  57   1   2   4   0   0  0.000  4.145  6.050  0.827 -0.629 -0.562 -0.777 -0.978  0.867 -0.207 -0.498
  57  58   2   1   1   0   0  9.906  4.257  4.880  0.986  0.995 -0.168 -0.101 -0.863  0.846 -0.505 -0.533
  57  58   2   1   2   0   0  6.794  4.257  6.630  0.986 -0.372 -0.168 -0.928 -0.863  0.119 -0.505  0.993
  57  58   2   1   3   0   0  6.794  4.257  6.170  0.986  0.425 -0.168  0.905 -0.863 -0.001 -0.505  1.000
  57  58   2   1   4   0   0  0.000  4.257  6.050  0.986  0.867 -0.168 -0.498 -0.863 -0.629 -0.505 -0.777
  58  59   1   4   1   0   0  9.494  3.405  5.050  0.703  0.659  0.712 -0.752  0.962  0.109  0.272 -0.994
  58  60   1   1   1   0   0  6.794  6.786  6.000  0.975 -0.296 -0.222 -0.955  0.088  0.971 -0.996 -0.239
  58  60   1   1   2   0   0  6.794  6.786  6.000  0.975  0.993 -0.222 -0.121  0.088 -0.682 -0.996 -0.731
  58  60   1   1   3   0   0  6.794  6.786  6.730  0.975  0.208 -0.222  0.978  0.088  0.256 -0.996  0.967
  59  60   4   1   1   0   0  9.494  3.902  5.050  0.521  0.109 -0.853 -0.994 -0.582  0.659 -0.813 -0.752
  59  61   4   4   3   0   0  6.794  6.496  5.630  0.976  0.710 -0.217 -0.704  0.680  0.841 -0.734  0.541
  60  61   1   4   1   0   0  9.494  3.347  5.050 -0.679  0.659 -0.734 -0.752 -0.249  0.109 -0.969 -0.994
  61  62   4   3   1   0   0  9.906  4.176  4.810  0.999  0.801  0.036  0.598  0.577  0.434  0.817 -0.901
  62  63   3   1   1   0   0 11.755  3.953  4.750 -0.008  0.564 -1.000 -0.826  0.110  0.908 -0.994 -0.418
  62  63   3   1   2   0   0  9.906  3.953  5.280 -0.008  0.069 -1.000 -0.998  0.110  0.997 -0.994  0.072
  62  63   3   1   3   0   0  0.000  3.953  5.680 -0.008  0.342 -1.000 -0.940  0.110  0.696 -0.994 -0.718
  63  65   1   1   1   0   0  6.794  4.182  6.000  0.995 -0.296  0.103 -0.955 -0.879  0.971 -0.476 -0.239
  63  65   1   1   2   0   0  6.794  4.182  6.000  0.995  0.993  0.103 -0.121 -0.879 -0.682 -0.476 -0.731
  63  65   1   1   3   0   0  6.794  4.182  6.730  0.995  0.208  0.103  0.978 -0.879  0.256 -0.476  0.967
  65  66   1   3   1   0   0 11.755  3.186  4.750  0.749  0.908  0.663 -0.418  0.245  0.564 -0.970 -0.826
  65  66   1   3   2   0   0  9.906  3.186  5.280  0.749  0.997  0.663  0.072  0.245  0.069 -0.970 -0.998
  65  66   1   3   3   0   0  0.000  3.186  5.680  0.749  0.696  0.663 -0.718  0.245  0.342 -0.970 -0.940
  65  67   1   2   2   0   0  6.794  6.926  6.630  0.493  0.119 -0.870  0.993 -0.677 -0.372 -0.736 -0.928
  65  67   1   2   3   0   0  6.794  6.926  6.170  0.493 -0.001 -0.870  1.000 -0.677  0.425 -0.736  0.905
  65  67   1   2   4   0   0  0.000  6.926  6.050  0.493 -0.629 -0.870 -0.777 -0.677  0.867 -0.736 -0.498
  66  67   3   2   1   0   0  6.794  4.407  7.260  0.996 -0.732  0.084 -0.682 -0.867  0.710 -0.498 -0.704
  66  67   3   2   2   0   0  6.794  4.407  5.780  0.996  0.666  0.084 -0.746 -0.867 -0.209 -0.498 -0.978
  66  67   3   2   3   0   0  0.000  4.407  4.780  0.996  0.208  0.084 -0.978 -0.867  0.877 -0.498 -0.481
  67  68   2   1   1   0   0  9.906  3.473  4.880  0.881  0.995 -0.473 -0.101 -0.903  0.846 -0.431 -0.533
  67  68   2   1   2   0   0  6.794  3.473  6.630  0.881 -0.372 -0.473 -0.928 -0.903  0.119 -0.431  0.993
  67  68   2   1   3   0   0  6.794  3.473  6.170  0.881  0.425 -0.473  0.905 -0.903 -0.001 -0.431  1.000
  67  68   2   1   4   0   0  0.000  3.473  6.050  0.881  0.867 -0.473 -0.498 -0.903 -0.629 -0.431 -0.777
  70  71   3   4   1   0   0  9.906  3.550  4.810  0.903  0.434  0.430 -0.901  0.367  0.801  0.930  0.598
  71  72   4   3   1   0   0  9.906  3.858  4.810 -0.002  0.801 -1.000  0.598  0.960  0.434  0.279 -0.901
  72  74   3   2   1   0   0  6.794  7.895  7.260  0.980 -0.732  0.200 -0.682 -0.836  0.710 -0.549 -0.704
  73  74   3   2   1   0   0  6.794  4.821  7.260  0.969 -0.732 -0.247 -0.682 -0.952  0.710 -0.307 -0.704
  73  74   3   2   2   0   0  6.794  4.821  5.780  0.969  0.666 -0.247 -0.746 -0.952 -0.209 -0.307 -0.978
  73  74   3   2   3   0   0  0.000  4.821  4.780  0.969  0.208 -0.247 -0.978 -0.952  0.877 -0.307 -0.481
  74  75   2   1   1   0   0  9.906  3.812  4.880  0.999  0.995  0.050 -0.101 -0.987  0.846 -0.158 -0.533
  74  75   2   1   2   0   0  6.794  3.812  6.630  0.999 -0.372  0.050 -0.928 -0.987  0.119 -0.158  0.993
  74  75   2   1   3   0   0  6.794  3.812  6.170  0.999  0.425  0.050  0.905 -0.987 -0.001 -0.158  1.000
  74  75   2   1   4   0   0  0.000  3.812  6.050  0.999  0.867  0.050 -0.498 -0.987 -0.629 -0.158 -0.777
  74  76   2   3   1   0   0  6.794  7.403  7.260  0.941  0.710  0.337 -0.704  0.657 -0.732 -0.754 -0.682
  75  76   1   3   1   0   0 11.755  3.811  4.750  0.557  0.908  0.830 -0.418  0.925  0.564 -0.380 -0.826
  75  76   1   3   2   0   0  9.906  3.811  5.280  0.557  0.997  0.830  0.072  0.925  0.069 -0.380 -0.998
  75  76   1   3   3   0   0  0.000  3.811  5.680  0.557  0.696  0.830 -0.718  0.925  0.342 -0.380 -0.940
