   i   j    dkj    SIGHB     y      exp    Vangl    Ehhb    Enp1    Enp2     Ehb  
   6 499 -10.365   0.000   0.055
  13 493 -10.886   0.399   0.176
  13 499  -9.231   0.000   0.000
  19 487  -9.711   0.060   0.003
  25 480  -8.669   0.000   0.000
  32 473  -9.415   0.089   0.003
  45  58  -0.343   0.000   0.000
  45 467  -9.917   0.157   0.002
  45 473  -2.273   0.000   0.000
  52 461  -4.473   0.003   0.473
  59  72  -1.066   0.000   0.000
  59 455  -8.003   0.071   0.003
  66 449 -10.656   0.406   0.000
  66 455  -5.237   0.000   0.000
 105 443  -9.886   0.015   0.275
 111 436  -5.349   0.395   0.002
 118 429 -10.645   0.366   0.000
 124 423  -3.545   0.000   0.500
 130 410  -8.411   0.002   0.010
 136 410  -1.431   0.000   0.000
 142 397  -0.488   0.006   0.000
 148 391  -3.985   0.001   0.000
 155 384  -4.954   0.486   0.374
 161 371  -0.485   0.000   0.000
 161 378 -10.570   0.000   0.195
 174 364 -10.179   0.000   0.020
 181 357  -7.819   0.133   0.000
 188 331  -3.051   0.000   0.000
 188 351  -5.674   0.100   0.000
 195 331  -1.787   0.000   0.000
 195 344  -8.858   0.362   0.000
 216 312  -0.431   0.000   0.000
 216 318  -4.749   0.496   0.000
 222 228  -0.341   0.000   0.000
 222 312 -10.540   0.000   0.195
 229 305  -4.184   0.001   0.000
 235 299  -3.796   0.000   0.000
 241 292 -10.587   0.000   0.494
 254 272  -3.573   0.000   0.000
 254 292  -1.188   0.000   0.000
 267 279  -0.428   0.000   0.000
 306 312  -1.185   0.000   0.000
 332 338  -2.658   0.000   0.000
 424 436  -0.760   0.000   0.000
