   i   j   k   l    dist   
   4   5   6  13   3.886   0.000   3.886   0.000
  11  12  13   6  -4.342   0.000  -4.342   0.000
   4   5   6  19   6.308   0.000   6.308   0.000
  17  18  19   6   6.814   0.000   6.814   0.000
   4   5   6  25   8.358   0.000   8.358   0.000
  23  24  25   6   9.253   0.000   9.253   0.000
   4   5   6  32   8.369   0.000   8.369   0.000
  30  31  32   6 -13.971   0.000 -13.971   0.000
   4   5   6  38   5.982   0.000   5.982   0.000
  36  37  38   6 -12.789   0.000 -12.789   0.000
   4   5   6 474   5.512   0.000   5.512   0.000
 472 473 474   6 -11.454   0.000 -11.454   0.000
   4   5   6 481   4.893   0.000   4.893   0.000
 479 480 481   6   8.858   0.000   8.858   0.000
   4   5   6 488   3.667   0.000   3.667   0.000
 486 487 488   6   6.191   0.000   6.191   0.000
   4   5   6 494   3.494   0.000   3.494   0.000
 492 493 494   6  -3.058   0.000  -3.058   0.000
   4   5   6 500   2.023   0.000   2.023   0.000
 498 499 500   6  -0.662   0.000  -0.662   0.055
  11  12  13  19   3.233   0.000   3.233   0.000
  17  18  19  13   2.867   0.000   2.867   0.000
  11  12  13  25   6.293   0.000   6.293   0.000
  23  24  25  13   6.205   0.000   6.205   0.000
  11  12  13  32   8.991   0.000   8.991   0.000
  30  31  32  13  -9.751   0.000  -9.751   0.000
  11  12  13  38   6.254   0.000   6.254   0.000
  36  37  38  13 -12.301   0.000 -12.301   0.000
  11  12  13  45  11.937   0.000  11.937   0.000
  43  44  45  13 -13.386   0.000 -13.386   0.000
  11  12  13 444  23.855   0.000  23.855   0.000
 442 443 444  13   7.253   0.000   7.253   0.000
  11  12  13 450  19.571   0.000  19.571   0.000
 448 449 450  13  -8.923   0.000  -8.923   0.000
  11  12  13 456  17.038   0.000  17.038   0.000
 454 455 456  13  -7.328   0.000  -7.328   0.000
  11  12  13 462  14.151   0.000  14.151   0.000
 460 461 462  13 -10.419   0.000 -10.419   0.000
  11  12  13 468  11.562   0.000  11.562   0.000
 466 467 468  13  -7.976   0.000  -7.976   0.000
  11  12  13 474   8.506   0.000   8.506   0.000
 472 473 474  13  -7.830   0.000  -7.830   0.000
  11  12  13 481   5.355   0.000   5.355   0.000
 479 480 481  13   4.524   0.000   4.524   0.000
  11  12  13 488   2.297   0.000   2.297   0.000
 486 487 488  13   2.213   0.000   2.213   0.000
  11  12  13 494   0.211   0.000   0.211   0.399
 492 493 494  13  -0.455   0.000  -0.455   0.176
  11  12  13 500  -2.938   0.000  -2.938   0.000
 498 499 500  13   2.774   0.000   2.774   0.000
  17  18  19  25  -3.724   0.000  -3.724   0.000
  23  24  25  19   3.808   0.000   3.808   0.000
  17  18  19  32  -6.945   0.000  -6.945   0.000
  30  31  32  19  -6.624   0.000  -6.624   0.000
  17  18  19  38  -8.664   0.000  -8.664   0.000
  36  37  38  19 -12.408   0.000 -12.408   0.000
  17  18  19  45  -9.917   0.000  -9.917   0.000
  43  44  45  19 -10.196   0.000 -10.196   0.000
  17  18  19  52 -12.263   0.000 -12.263   0.000
  50  51  52  19 -12.886   0.000 -12.886   0.000
  17  18  19 444 -17.651   0.000 -17.651   0.000
 442 443 444  19   6.954   0.000   6.954   0.000
  17  18  19 450 -14.496   0.000 -14.496   0.000
 448 449 450  19  -7.369   0.000  -7.369   0.000
  17  18  19 456 -11.829   0.000 -11.829   0.000
 454 455 456  19  -5.432   0.000  -5.432   0.000
  17  18  19 462  -9.622   0.000  -9.622   0.000
 460 461 462  19  -7.569   0.000  -7.569   0.000
  17  18  19 468  -8.107   0.000  -8.107   0.000
 466 467 468  19  -5.183   0.000  -5.183   0.000
  17  18  19 474  -6.052   0.000  -6.052   0.000
 472 473 474  19  -4.875   0.000  -4.875   0.000
  17  18  19 481  -3.465   0.000  -3.465   0.000
 479 480 481  19   1.325   0.000   1.325   0.000
  17  18  19 488  -0.648   0.000  -0.648   0.060
 486 487 488  19  -0.993   0.000  -0.993   0.003
  17  18  19 494   0.707   0.000   0.707   0.040
 492 493 494  19   2.102   0.000   2.102   0.000
  17  18  19 500   3.896   0.000   3.896   0.000
 498 499 500  19   5.743   0.000   5.743   0.000
  23  24  25  32  -4.138   0.000  -4.138   0.000
  30  31  32  25  -3.133   0.000  -3.133   0.000
  23  24  25  38  -8.110   0.000  -8.110   0.000
  36  37  38  25 -10.272   0.000 -10.272   0.000
  23  24  25  45  -7.296   0.000  -7.296   0.000
  43  44  45  25  -6.763   0.000  -6.763   0.000
  23  24  25  52  -9.308   0.000  -9.308   0.000
  50  51  52  25  -9.696   0.000  -9.696   0.000
  23  24  25  59 -10.607   0.000 -10.607   0.000
  57  58  59  25 -11.982   0.000 -11.982   0.000
  23  24  25 437 -10.110   0.000 -10.110   0.000
 435 436 437  25  13.532   0.000  13.532   0.000
  23  24  25 444  -8.542   0.000  -8.542   0.000
 442 443 444  25   5.442   0.000   5.442   0.000
  23  24  25 450  -8.504   0.000  -8.504   0.000
 448 449 450  25  -5.034   0.000  -5.034   0.000
  23  24  25 456  -6.805   0.000  -6.805   0.000
 454 455 456  25  -3.703   0.000  -3.703   0.000
  23  24  25 462  -5.790   0.000  -5.790   0.000
 460 461 462  25  -5.306   0.000  -5.306   0.000
  23  24  25 468  -5.678   0.000  -5.678   0.000
 466 467 468  25  -3.788   0.000  -3.788   0.000
  23  24  25 474  -4.332   0.000  -4.332   0.000
 472 473 474  25  -3.208   0.000  -3.208   0.000
  23  24  25 481  -1.446   0.000  -1.446   0.000
 479 480 481  25  -1.382   0.000  -1.382   0.000
  23  24  25 488   1.483   0.000   1.483   0.000
 486 487 488  25  -3.521   0.000  -3.521   0.000
  23  24  25 494   3.004   0.000   3.004   0.000
 492 493 494  25   4.618   0.000   4.618   0.000
  23  24  25 500   6.326   0.000   6.326   0.000
 498 499 500  25   8.911   0.000   8.911   0.000
  30  31  32  38  -0.503   0.000  -0.503   0.139
  36  37  38  32  -9.680   0.000  -9.680   0.000
  30  31  32  45   3.081   0.000   3.081   0.000
  43  44  45  32  -3.285   0.000  -3.285   0.000
  30  31  32  52   5.849   0.000   5.849   0.000
  50  51  52  32  -6.392   0.000  -6.392   0.000
  30  31  32  59   8.454   0.000   8.454   0.000
  57  58  59  32  -9.299   0.000  -9.299   0.000
  30  31  32  66  10.978   0.000  10.978   0.000
  64  65  66  32 -11.204   0.000 -11.204   0.000
  30  31  32  73  13.188   0.000  13.188   0.000
  71  72  73  32 -13.233   0.000 -13.233   0.000
  30  31  32 437  13.915   0.000  13.915   0.000
 435 436 437  32  14.388   0.000  14.388   0.000
  30  31  32 444  12.793   0.000  12.793   0.000
 442 443 444  32   6.776   0.000   6.776   0.000
  30  31  32 450   9.204   0.000   9.204   0.000
 448 449 450  32  -5.276   0.000  -5.276   0.000
  30  31  32 456   6.615   0.000   6.615   0.000
 454 455 456  32  -4.508   0.000  -4.508   0.000
  30  31  32 462   4.067   0.000   4.067   0.000
 460 461 462  32  -4.426   0.000  -4.426   0.000
  30  31  32 468   2.035   0.000   2.035   0.000
 466 467 468  32  -2.926   0.000  -2.926   0.000
  30  31  32 474  -0.585   0.000  -0.585   0.089
 472 473 474  32  -1.016   0.000  -1.016   0.003
  30  31  32 481  -3.612   0.000  -3.612   0.000
 479 480 481  32  -3.601   0.000  -3.601   0.000
  30  31  32 488  -6.676   0.000  -6.676   0.000
 486 487 488  32  -6.551   0.000  -6.551   0.000
  30  31  32 494  -8.508   0.000  -8.508   0.000
 492 493 494  32   9.149   0.000   9.149   0.000
  30  31  32 500 -11.800   0.000 -11.800   0.000
 498 499 500  32  13.294   0.000  13.294   0.000
  36  37  38  45  -9.544   0.000  -9.544   0.000
  43  44  45  38  -4.459   0.000  -4.459   0.000
  36  37  38  52 -10.709   0.000 -10.709   0.000
  50  51  52  38  -8.875   0.000  -8.875   0.000
  36  37  38  59 -12.096   0.000 -12.096   0.000
  57  58  59  38 -13.132   0.000 -13.132   0.000
  36  37  38 437  -8.579   0.000  -8.579   0.000
 435 436 437  38  11.002   0.000  11.002   0.000
  36  37  38 444 -11.905   0.000 -11.905   0.000
 442 443 444  38   1.051   0.000   1.051   0.002
  36  37  38 450 -13.178   0.000 -13.178   0.000
 448 449 450  38  -2.230   0.000  -2.230   0.000
  36  37  38 474 -12.349   0.000 -12.349   0.000
 472 473 474  38  -8.387   0.000  -8.387   0.000
  36  37  38 481 -10.647   0.000 -10.647   0.000
 479 480 481  38   0.356   0.000   0.356   0.263
  36  37  38 488 -10.118   0.000 -10.118   0.000
 486 487 488  38  -1.477   0.000  -1.477   0.000
  36  37  38 494  -7.993   0.000  -7.993   0.000
 492 493 494  38   6.539   0.000   6.539   0.000
  36  37  38 500  -8.262   0.000  -8.262   0.000
 498 499 500  38  11.667   0.000  11.667   0.000
  43  44  45  52   2.983   0.000   2.983   0.000
  50  51  52  45  -3.146   0.000  -3.146   0.000
  43  44  45  59   5.702   0.000   5.702   0.000
  57  58  59  45  -6.339   0.000  -6.339   0.000
  43  44  45  66   8.231   0.000   8.231   0.000
  64  65  66  45  -8.861   0.000  -8.861   0.000
  43  44  45  73  10.189   0.000  10.189   0.000
  71  72  73  45 -11.430   0.000 -11.430   0.000
  43  44  45  80  12.864   0.000  12.864   0.000
  78  79  80  45 -13.945   0.000 -13.945   0.000
  43  44  45 430  12.670   0.000  12.670   0.000
 428 429 430  45 -17.980   0.000 -17.980   0.000
  43  44  45 437   9.546   0.000   9.546   0.000
 435 436 437  45  14.256   0.000  14.256   0.000
  43  44  45 444   8.819   0.000   8.819   0.000
 442 443 444  45   7.327   0.000   7.327   0.000
  43  44  45 450   6.029   0.000   6.029   0.000
 448 449 450  45  -4.647   0.000  -4.647   0.000
  43  44  45 456   3.804   0.000   3.804   0.000
 454 455 456  45  -3.939   0.000  -3.939   0.000
  43  44  45 462   1.419   0.000   1.419   0.000
 460 461 462  45  -2.539   0.000  -2.539   0.000
  43  44  45 468  -0.479   0.000  -0.479   0.157
 466 467 468  45  -1.041   0.000  -1.041   0.002
  43  44  45 474  -3.268   0.000  -3.268   0.000
 472 473 474  45   1.593   0.000   1.593   0.000
  43  44  45 481  -6.763   0.000  -6.763   0.000
 479 480 481  45  -6.310   0.000  -6.310   0.000
  43  44  45 488 -10.096   0.000 -10.096   0.000
 486 487 488  45  -9.667   0.000  -9.667   0.000
  43  44  45 494 -12.348   0.000 -12.348   0.000
 492 493 494  45  12.641   0.000  12.641   0.000
  43  44  45 500 -15.826   0.000 -15.826   0.000
 498 499 500  45  16.911   0.000  16.911   0.000
  50  51  52  59   2.958   0.000   2.958   0.000
  57  58  59  52  -3.181   0.000  -3.181   0.000
  50  51  52  66   5.711   0.000   5.711   0.000
  64  65  66  52  -6.168   0.000  -6.168   0.000
  50  51  52  73   7.723   0.000   7.723   0.000
  71  72  73  52  -9.107   0.000  -9.107   0.000
  50  51  52  80  10.230   0.000  10.230   0.000
  78  79  80  52 -11.930   0.000 -11.930   0.000
  50  51  52  86  13.978   0.000  13.978   0.000
  84  85  86  52  14.495   0.000  14.495   0.000
  50  51  52  92  17.304   0.000  17.304   0.000
  90  91  92  52  -0.874   0.000  -0.874   0.011
  50  51  52 430   9.785   0.000   9.785   0.000
 428 429 430  52 -15.830   0.000 -15.830   0.000
  50  51  52 437   7.057   0.000   7.057   0.000
 435 436 437  52  14.224   0.000  14.224   0.000
  50  51  52 444   6.677   0.000   6.677   0.000
 442 443 444  52   8.242   0.000   8.242   0.000
  50  51  52 450   3.665   0.000   3.665   0.000
 448 449 450  52  -4.174   0.000  -4.174   0.000
  50  51  52 456   1.536   0.000   1.536   0.000
 454 455 456  52  -2.878   0.000  -2.878   0.000
  50  51  52 462  -0.996   0.000  -0.996   0.003
 460 461 462  52  -0.104   0.000  -0.104   0.473
  50  51  52 468  -3.165   0.000  -3.165   0.000
 466 467 468  52   1.815   0.000   1.815   0.000
  50  51  52 474  -6.213   0.000  -6.213   0.000
 472 473 474  52   4.902   0.000   4.902   0.000
  50  51  52 481  -9.855   0.000  -9.855   0.000
 479 480 481  52  -9.329   0.000  -9.329   0.000
  50  51  52 488 -13.230   0.000 -13.230   0.000
 486 487 488  52 -13.049   0.000 -13.049   0.000
  50  51  52 494 -15.691   0.000 -15.691   0.000
 492 493 494  52  15.708   0.000  15.708   0.000
  57  58  59  66   3.059   0.000   3.059   0.000
  64  65  66  59  -3.148   0.000  -3.148   0.000
  57  58  59  73   5.359   0.000   5.359   0.000
  71  72  73  59  -6.244   0.000  -6.244   0.000
  57  58  59  80   7.842   0.000   7.842   0.000
  78  79  80  59  -9.289   0.000  -9.289   0.000
  57  58  59  86  11.834   0.000  11.834   0.000
  84  85  86  59  12.267   0.000  12.267   0.000
  57  58  59  92  16.010   0.000  16.010   0.000
  90  91  92  59  -0.923   0.000  -0.923   0.007
  57  58  59 424  10.264   0.000  10.264   0.000
 422 423 424  59  19.552   0.000  19.552   0.000
  57  58  59 430   8.249   0.000   8.249   0.000
 428 429 430  59 -13.460   0.000 -13.460   0.000
  57  58  59 437   5.924   0.000   5.924   0.000
 435 436 437  59  13.560   0.000  13.560   0.000
  57  58  59 444   5.716   0.000   5.716   0.000
 442 443 444  59   8.608   0.000   8.608   0.000
  57  58  59 450   1.666   0.000   1.666   0.000
 448 449 450  59  -3.164   0.000  -3.164   0.000
  57  58  59 456  -0.622   0.000  -0.622   0.071
 454 455 456  59  -0.995   0.000  -0.995   0.003
  57  58  59 462  -3.500   0.000  -3.500   0.000
 460 461 462  59   2.850   0.000   2.850   0.000
  57  58  59 468  -6.177   0.000  -6.177   0.000
 466 467 468  59   5.176   0.000   5.176   0.000
  57  58  59 474  -9.428   0.000  -9.428   0.000
 472 473 474  59   8.310   0.000   8.310   0.000
  57  58  59 481 -12.820   0.000 -12.820   0.000
 479 480 481  59 -12.513   0.000 -12.513   0.000
  57  58  59 488 -15.969   0.000 -15.969   0.000
 486 487 488  59 -16.320   0.000 -16.320   0.000
  64  65  66  73   2.858   0.000   2.858   0.000
  71  72  73  66  -3.100   0.000  -3.100   0.000
  64  65  66  80   5.770   0.000   5.770   0.000
  78  79  80  66  -6.275   0.000  -6.275   0.000
  64  65  66  86   9.671   0.000   9.671   0.000
  84  85  86  66   9.645   0.000   9.645   0.000
  64  65  66  92  14.430   0.000  14.430   0.000
  90  91  92  66  -1.081   0.000  -1.081   0.001
  64  65  66 424  11.664   0.000  11.664   0.000
 422 423 424  66  18.022   0.000  18.022   0.000
  64  65  66 430   9.069   0.000   9.069   0.000
 428 429 430  66 -10.864   0.000 -10.864   0.000
  64  65  66 437   6.587   0.000   6.587   0.000
 435 436 437  66  12.210   0.000  12.210   0.000
  64  65  66 444   5.780   0.000   5.780   0.000
 442 443 444  66   8.241   0.000   8.241   0.000
  64  65  66 450  -0.203   0.000  -0.203   0.406
 448 449 450  66  -1.550   0.000  -1.550   0.000
  64  65  66 456  -3.171   0.000  -3.171   0.000
 454 455 456  66   1.489   0.000   1.489   0.000
  64  65  66 462  -6.467   0.000  -6.467   0.000
 460 461 462  66   6.050   0.000   6.050   0.000
  64  65  66 468  -9.611   0.000  -9.611   0.000
 466 467 468  66   8.574   0.000   8.574   0.000
  64  65  66 474 -12.589   0.000 -12.589   0.000
 472 473 474  66  11.451   0.000  11.451   0.000
  64  65  66 481 -14.901   0.000 -14.901   0.000
 479 480 481  66 -15.674   0.000 -15.674   0.000
  71  72  73  80   2.970   0.000   2.970   0.000
  78  79  80  73  -3.076   0.000  -3.076   0.000
  71  72  73  86   6.714   0.000   6.714   0.000
  84  85  86  73   6.535   0.000   6.535   0.000
  71  72  73  92  11.837   0.000  11.837   0.000
  90  91  92  73  -0.613   0.000  -0.613   0.075
  71  72  73  99   7.658   0.000   7.658   0.000
  97  98  99  73  -6.199   0.000  -6.199   0.000
  71  72  73 105   8.535   0.000   8.535   0.000
 103 104 105  73   6.103   0.000   6.103   0.000
  71  72  73 111   8.219   0.000   8.219   0.000
 109 110 111  73   8.995   0.000   8.995   0.000
  71  72  73 417  16.591   0.000  16.591   0.000
 415 416 417  73   3.523   0.000   3.523   0.000
  71  72  73 424  10.696   0.000  10.696   0.000
 422 423 424  73  15.187   0.000  15.187   0.000
  71  72  73 430   7.880   0.000   7.880   0.000
 428 429 430  73  -8.020   0.000  -8.020   0.000
  71  72  73 437   5.597   0.000   5.597   0.000
 435 436 437  73   9.423   0.000   9.423   0.000
  71  72  73 444   4.591   0.000   4.591   0.000
 442 443 444  73   6.064   0.000   6.064   0.000
  71  72  73 450  -2.446   0.000  -2.446   0.000
 448 449 450  73   1.314   0.000   1.314   0.000
  71  72  73 456  -5.664   0.000  -5.664   0.000
 454 455 456  73   4.748   0.000   4.748   0.000
  71  72  73 462  -9.130   0.000  -9.130   0.000
 460 461 462  73   9.101   0.000   9.101   0.000
  71  72  73 468 -12.537   0.000 -12.537   0.000
 466 467 468  73  11.095   0.000  11.095   0.000
  71  72  73 474 -15.298   0.000 -15.298   0.000
 472 473 474  73  13.215   0.000  13.215   0.000
  78  79  80  86   3.519   0.000   3.519   0.000
  84  85  86  80   3.128   0.000   3.128   0.000
  78  79  80  92   8.571   0.000   8.571   0.000
  90  91  92  80   1.712   0.000   1.712   0.000
  78  79  80  99   4.897   0.000   4.897   0.000
  97  98  99  80  -5.185   0.000  -5.185   0.000
  78  79  80 105   6.136   0.000   6.136   0.000
 103 104 105  80   5.093   0.000   5.093   0.000
  78  79  80 111   6.244   0.000   6.244   0.000
 109 110 111  80   6.718   0.000   6.718   0.000
  78  79  80 118   5.793   0.000   5.793   0.000
 116 117 118  80  -8.633   0.000  -8.633   0.000
  78  79  80 411  13.091   0.000  13.091   0.000
 409 410 411  80  15.904   0.000  15.904   0.000
  78  79  80 417  13.609   0.000  13.609   0.000
 415 416 417  80   2.429   0.000   2.429   0.000
  78  79  80 424   8.913   0.000   8.913   0.000
 422 423 424  80  11.805   0.000  11.805   0.000
  78  79  80 430   5.951   0.000   5.951   0.000
 428 429 430  80  -4.625   0.000  -4.625   0.000
  78  79  80 437   3.594   0.000   3.594   0.000
 435 436 437  80   6.178   0.000   6.178   0.000
  78  79  80 444   2.302   0.000   2.302   0.000
 442 443 444  80   3.237   0.000   3.237   0.000
  78  79  80 450  -5.204   0.000  -5.204   0.000
 448 449 450  80   4.729   0.000   4.729   0.000
  78  79  80 456  -8.604   0.000  -8.604   0.000
 454 455 456  80   7.875   0.000   7.875   0.000
  78  79  80 462 -12.078   0.000 -12.078   0.000
 460 461 462  80  11.990   0.000  11.990   0.000
  78  79  80 468 -15.486   0.000 -15.486   0.000
 466 467 468  80  12.912   0.000  12.912   0.000
  84  85  86  92  -4.108   0.000  -4.108   0.000
  90  91  92  86   2.101   0.000   2.101   0.000
  84  85  86  99   0.183   0.000   0.183   0.422
  97  98  99  86  -6.156   0.000  -6.156   0.000
  84  85  86 105  -1.261   0.000  -1.261   0.000
 103 104 105  86   6.922   0.000   6.922   0.000
  84  85  86 111  -1.868   0.000  -1.868   0.000
 109 110 111  86   7.482   0.000   7.482   0.000
  84  85  86 411 -10.389   0.000 -10.389   0.000
 409 410 411  86  13.879   0.000  13.879   0.000
  84  85  86 417  -9.465   0.000  -9.465   0.000
 415 416 417  86   0.170   0.000   0.170   0.432
  84  85  86 424  -6.309   0.000  -6.309   0.000
 422 423 424  86  10.139   0.000  10.139   0.000
  84  85  86 430  -3.233   0.000  -3.233   0.000
 428 429 430  86  -1.348   0.000  -1.348   0.000
  84  85  86 437  -0.111   0.000  -0.111   0.470
 435 436 437  86   4.805   0.000   4.805   0.000
  84  85  86 444   1.821   0.000   1.821   0.000
 442 443 444  86   3.083   0.000   3.083   0.000
  84  85  86 450   8.906   0.000   8.906   0.000
 448 449 450  86   6.515   0.000   6.515   0.000
  84  85  86 456  12.496   0.000  12.496   0.000
 454 455 456  86  10.572   0.000  10.572   0.000
  84  85  86 462  15.712   0.000  15.712   0.000
 460 461 462  86  15.818   0.000  15.818   0.000
  90  91  92  99  -6.091   0.000  -6.091   0.000
  97  98  99  92  -4.792   0.000  -4.792   0.000
  90  91  92 105  -5.992   0.000  -5.992   0.000
 103 104 105  92   7.396   0.000   7.396   0.000
  90  91  92 111  -5.211   0.000  -5.211   0.000
 109 110 111  92   7.556   0.000   7.556   0.000
  90  91  92 118  -1.910   0.000  -1.910   0.000
 116 117 118  92  -7.873   0.000  -7.873   0.000
  90  91  92 404   3.381   0.000   3.381   0.000
 402 403 404  92 -16.307   0.000 -16.307   0.000
  90  91  92 411   4.244   0.000   4.244   0.000
 409 410 411  92  10.415   0.000  10.415   0.000
  90  91  92 417   2.377   0.000   2.377   0.000
 415 416 417  92   0.189   0.000   0.189   0.418
  90  91  92 424   3.249   0.000   3.249   0.000
 422 423 424  92   7.568   0.000   7.568   0.000
  90  91  92 430   2.103   0.000   2.103   0.000
 428 429 430  92   2.267   0.000   2.267   0.000
  90  91  92 437  -2.041   0.000  -2.041   0.000
 435 436 437  92   2.332   0.000   2.332   0.000
  90  91  92 444  -4.434   0.000  -4.434   0.000
 442 443 444  92   2.174   0.000   2.174   0.000
  90  91  92 450  -3.704   0.000  -3.704   0.000
 448 449 450  92   9.182   0.000   9.182   0.000
  90  91  92 456  -5.237   0.000  -5.237   0.000
 454 455 456  92  15.150   0.000  15.150   0.000
  97  98  99 105   3.214   0.000   3.214   0.000
 103 104 105  99   3.165   0.000   3.165   0.000
  97  98  99 111   6.427   0.000   6.427   0.000
 109 110 111  99   6.574   0.000   6.574   0.000
  97  98  99 118   7.968   0.000   7.968   0.000
 116 117 118  99  -9.081   0.000  -9.081   0.000
  97  98  99 124  10.498   0.000  10.498   0.000
 122 123 124  99  10.392   0.000  10.392   0.000
  97  98  99 130  10.241   0.000  10.241   0.000
 128 129 130  99  12.905   0.000  12.905   0.000
  97  98  99 398  14.550   0.000  14.550   0.000
 396 397 398  99 -12.782   0.000 -12.782   0.000
  97  98  99 404  10.784   0.000  10.784   0.000
 402 403 404  99 -14.633   0.000 -14.633   0.000
  97  98  99 411   7.514   0.000   7.514   0.000
 409 410 411  99  12.378   0.000  12.378   0.000
  97  98  99 417  -1.826   0.000  -1.826   0.000
 415 416 417  99   7.730   0.000   7.730   0.000
  97  98  99 424   6.292   0.000   6.292   0.000
 422 423 424  99  10.034   0.000  10.034   0.000
  97  98  99 430   4.657   0.000   4.657   0.000
 428 429 430  99  -3.328   0.000  -3.328   0.000
  97  98  99 437   4.595   0.000   4.595   0.000
 435 436 437  99   3.998   0.000   3.998   0.000
  97  98  99 444   2.628   0.000   2.628   0.000
 442 443 444  99   2.595   0.000   2.595   0.000
  97  98  99 450  -3.354   0.000  -3.354   0.000
 448 449 450  99   6.498   0.000   6.498   0.000
  97  98  99 456  -5.280   0.000  -5.280   0.000
 454 455 456  99  13.145   0.000  13.145   0.000
  97  98  99 462  -6.241   0.000  -6.241   0.000
 460 461 462  99  16.727   0.000  16.727   0.000
 103 104 105 111  -3.663   0.000  -3.663   0.000
 109 110 111 105   3.502   0.000   3.502   0.000
 103 104 105 118  -6.443   0.000  -6.443   0.000
 116 117 118 105  -6.334   0.000  -6.334   0.000
 103 104 105 124  -8.861   0.000  -8.861   0.000
 122 123 124 105   8.468   0.000   8.468   0.000
 103 104 105 130  -9.304   0.000  -9.304   0.000
 128 129 130 105  10.968   0.000  10.968   0.000
 103 104 105 136 -11.062   0.000 -11.062   0.000
 134 135 136 105  11.383   0.000  11.383   0.000
 103 104 105 392 -14.128   0.000 -14.128   0.000
 390 391 392 105  16.439   0.000  16.439   0.000
 103 104 105 398 -11.476   0.000 -11.476   0.000
 396 397 398 105  -9.840   0.000  -9.840   0.000
 103 104 105 404  -8.489   0.000  -8.489   0.000
 402 403 404 105 -11.464   0.000 -11.464   0.000
 103 104 105 411  -5.960   0.000  -5.960   0.000
 409 410 411 105   9.922   0.000   9.922   0.000
 103 104 105 417   4.778   0.000   4.778   0.000
 415 416 417 105   9.954   0.000   9.954   0.000
 103 104 105 424  -5.416   0.000  -5.416   0.000
 422 423 424 105   7.597   0.000   7.597   0.000
 103 104 105 430  -4.071   0.000  -4.071   0.000
 428 429 430 105  -2.443   0.000  -2.443   0.000
 103 104 105 437  -3.344   0.000  -3.344   0.000
 435 436 437 105   1.337   0.000   1.337   0.000
 103 104 105 444  -0.831   0.000  -0.831   0.015
 442 443 444 105  -0.344   0.000  -0.344   0.275
 103 104 105 450   3.444   0.000   3.444   0.000
 448 449 450 105   8.862   0.000   8.862   0.000
 103 104 105 456   5.109   0.000   5.109   0.000
 454 455 456 105  15.269   0.000  15.269   0.000
 103 104 105 462   5.289   0.000   5.289   0.000
 460 461 462 105  17.457   0.000  17.457   0.000
 109 110 111 118  -3.435   0.000  -3.435   0.000
 116 117 118 111  -3.337   0.000  -3.337   0.000
 109 110 111 124  -6.470   0.000  -6.470   0.000
 122 123 124 111   6.249   0.000   6.249   0.000
 109 110 111 130  -8.548   0.000  -8.548   0.000
 128 129 130 111   9.140   0.000   9.140   0.000
 109 110 111 136 -11.375   0.000 -11.375   0.000
 134 135 136 111   9.998   0.000   9.998   0.000
 109 110 111 142 -13.403   0.000 -13.403   0.000
 140 141 142 111  12.210   0.000  12.210   0.000
 109 110 111 385 -17.248   0.000 -17.248   0.000
 383 384 385 111 -16.507   0.000 -16.507   0.000
 109 110 111 392 -14.469   0.000 -14.469   0.000
 390 391 392 111  13.159   0.000  13.159   0.000
 109 110 111 398 -11.512   0.000 -11.512   0.000
 396 397 398 111  -7.332   0.000  -7.332   0.000
 109 110 111 404  -9.030   0.000  -9.030   0.000
 402 403 404 111  -8.619   0.000  -8.619   0.000
 109 110 111 411  -6.514   0.000  -6.514   0.000
 409 410 411 111   8.028   0.000   8.028   0.000
 109 110 111 417   3.445   0.000   3.445   0.000
 415 416 417 111  12.357   0.000  12.357   0.000
 109 110 111 424  -4.856   0.000  -4.856   0.000
 422 423 424 111   5.475   0.000   5.475   0.000
 109 110 111 430  -2.692   0.000  -2.692   0.000
 428 429 430 111  -2.318   0.000  -2.318   0.000
 109 110 111 437  -0.215   0.000  -0.215   0.395
 435 436 437 111  -1.054   0.000  -1.054   0.002
 109 110 111 444   3.043   0.000   3.043   0.000
 442 443 444 111  -3.453   0.000  -3.453   0.000
 109 110 111 450   8.099   0.000   8.099   0.000
 448 449 450 111  10.878   0.000  10.878   0.000
 109 110 111 456  10.761   0.000  10.761   0.000
 454 455 456 111  16.485   0.000  16.485   0.000
 116 117 118 124   3.209   0.000   3.209   0.000
 122 123 124 118   2.836   0.000   2.836   0.000
 116 117 118 130   6.080   0.000   6.080   0.000
 128 129 130 118   6.556   0.000   6.556   0.000
 116 117 118 136   9.378   0.000   9.378   0.000
 134 135 136 118   8.987   0.000   8.987   0.000
 116 117 118 142  12.040   0.000  12.040   0.000
 140 141 142 118  11.434   0.000  11.434   0.000
 116 117 118 148  14.179   0.000  14.179   0.000
 146 147 148 118  12.921   0.000  12.921   0.000
 116 117 118 372  21.003   0.000  21.003   0.000
 370 371 372 118  20.933   0.000  20.933   0.000
 116 117 118 379  17.602   0.000  17.602   0.000
 377 378 379 118  17.624   0.000  17.624   0.000
 116 117 118 385  14.588   0.000  14.588   0.000
 383 384 385 118 -13.479   0.000 -13.479   0.000
 116 117 118 392  12.687   0.000  12.687   0.000
 390 391 392 118  11.252   0.000  11.252   0.000
 116 117 118 398   9.741   0.000   9.741   0.000
 396 397 398 118  -7.078   0.000  -7.078   0.000
 116 117 118 404   7.669   0.000   7.669   0.000
 402 403 404 118  -6.993   0.000  -6.993   0.000
 116 117 118 411   5.238   0.000   5.238   0.000
 409 410 411 118   6.579   0.000   6.579   0.000
 116 117 118 417  -3.040   0.000  -3.040   0.000
 415 416 417 118  12.673   0.000  12.673   0.000
 116 117 118 424   2.836   0.000   2.836   0.000
 422 423 424 118   3.345   0.000   3.345   0.000
 116 117 118 430   0.249   0.000   0.249   0.366
 428 429 430 118  -1.719   0.000  -1.719   0.000
 116 117 118 437  -3.072   0.000  -3.072   0.000
 435 436 437 118  -3.264   0.000  -3.264   0.000
 116 117 118 444  -6.445   0.000  -6.445   0.000
 442 443 444 118  -6.566   0.000  -6.566   0.000
 116 117 118 450 -11.922   0.000 -11.922   0.000
 448 449 450 118  12.927   0.000  12.927   0.000
 116 117 118 456 -15.078   0.000 -15.078   0.000
 454 455 456 118  16.868   0.000  16.868   0.000
 122 123 124 130  -3.709   0.000  -3.709   0.000
 128 129 130 124   3.508   0.000   3.508   0.000
 122 123 124 136  -7.041   0.000  -7.041   0.000
 134 135 136 124   5.804   0.000   5.804   0.000
 122 123 124 142  -9.689   0.000  -9.689   0.000
 140 141 142 124   8.166   0.000   8.166   0.000
 122 123 124 148 -11.507   0.000 -11.507   0.000
 146 147 148 124   9.723   0.000   9.723   0.000
 122 123 124 372 -14.809   0.000 -14.809   0.000
 370 371 372 124  17.890   0.000  17.890   0.000
 122 123 124 379 -11.987   0.000 -11.987   0.000
 377 378 379 124  14.532   0.000  14.532   0.000
 122 123 124 385  -9.380   0.000  -9.380   0.000
 383 384 385 124 -10.600   0.000 -10.600   0.000
 122 123 124 392  -8.695   0.000  -8.695   0.000
 390 391 392 124   8.356   0.000   8.356   0.000
 122 123 124 398  -6.350   0.000  -6.350   0.000
 396 397 398 124  -4.744   0.000  -4.744   0.000
 122 123 124 404  -5.509   0.000  -5.509   0.000
 402 403 404 124  -3.730   0.000  -3.730   0.000
 122 123 124 411  -3.979   0.000  -3.979   0.000
 409 410 411 124   3.241   0.000   3.241   0.000
 122 123 124 417   1.919   0.000   1.919   0.000
 415 416 417 124  13.455   0.000  13.455   0.000
 122 123 124 424  -1.510   0.000  -1.510   0.000
 422 423 424 124   0.008   0.000   0.008   0.500
 122 123 124 430   0.979   0.000   0.979   0.004
 428 429 430 124   0.729   0.000   0.729   0.034
 122 123 124 437   5.104   0.000   5.104   0.000
 435 436 437 124  -6.661   0.000  -6.661   0.000
 122 123 124 444   8.388   0.000   8.388   0.000
 442 443 444 124  -9.847   0.000  -9.847   0.000
 122 123 124 450  12.497   0.000  12.497   0.000
 448 449 450 124  16.240   0.000  16.240   0.000
 122 123 124 456  15.563   0.000  15.563   0.000
 454 455 456 124  19.970   0.000  19.970   0.000
 128 129 130 136  -3.520   0.000  -3.520   0.000
 134 135 136 130   3.380   0.000   3.380   0.000
 128 129 130 142  -6.798   0.000  -6.798   0.000
 140 141 142 130   6.700   0.000   6.700   0.000
 128 129 130 148  -9.402   0.000  -9.402   0.000
 146 147 148 130   8.885   0.000   8.885   0.000
 128 129 130 155 -10.943   0.000 -10.943   0.000
 153 154 155 130 -10.289   0.000 -10.289   0.000
 128 129 130 365 -14.026   0.000 -14.026   0.000
 363 364 365 130  18.585   0.000  18.585   0.000
 128 129 130 372 -11.833   0.000 -11.833   0.000
 370 371 372 130  15.759   0.000  15.759   0.000
 128 129 130 379  -9.636   0.000  -9.636   0.000
 377 378 379 130  12.816   0.000  12.816   0.000
 128 129 130 385  -7.439   0.000  -7.439   0.000
 383 384 385 130  -9.337   0.000  -9.337   0.000
 128 129 130 392  -7.038   0.000  -7.038   0.000
 390 391 392 130   7.906   0.000   7.906   0.000
 128 129 130 398  -4.463   0.000  -4.463   0.000
 396 397 398 130  -5.703   0.000  -5.703   0.000
 128 129 130 404  -3.129   0.000  -3.129   0.000
 402 403 404 130  -2.610   0.000  -2.610   0.000
 128 129 130 411  -1.031   0.000  -1.031   0.002
 409 410 411 130   0.878   0.000   0.878   0.010
 128 129 130 417   3.597   0.000   3.597   0.000
 415 416 417 130  11.143   0.000  11.143   0.000
 128 129 130 424   2.197   0.000   2.197   0.000
 422 423 424 130  -2.829   0.000  -2.829   0.000
 128 129 130 430   5.080   0.000   5.080   0.000
 428 429 430 130   3.745   0.000   3.745   0.000
 128 129 130 437   9.055   0.000   9.055   0.000
 435 436 437 130  -9.266   0.000  -9.266   0.000
 128 129 130 444  12.068   0.000  12.068   0.000
 442 443 444 130 -12.362   0.000 -12.362   0.000
 128 129 130 450  17.657   0.000  17.657   0.000
 448 449 450 130  19.113   0.000  19.113   0.000
 134 135 136 142  -3.854   0.000  -3.854   0.000
 140 141 142 136   3.612   0.000   3.612   0.000
 134 135 136 148  -7.479   0.000  -7.479   0.000
 146 147 148 136   6.156   0.000   6.156   0.000
 134 135 136 155 -10.127   0.000 -10.127   0.000
 153 154 155 136  -7.725   0.000  -7.725   0.000
 134 135 136 161 -12.288   0.000 -12.288   0.000
 159 160 161 136   8.921   0.000   8.921   0.000
 134 135 136 358 -13.287   0.000 -13.287   0.000
 356 357 358 136 -18.189   0.000 -18.189   0.000
 134 135 136 365 -10.898   0.000 -10.898   0.000
 363 364 365 136  15.755   0.000  15.755   0.000
 134 135 136 372  -9.919   0.000  -9.919   0.000
 370 371 372 136  12.906   0.000  12.906   0.000
 134 135 136 379  -8.648   0.000  -8.648   0.000
 377 378 379 136  10.046   0.000  10.046   0.000
 134 135 136 385  -7.135   0.000  -7.135   0.000
 383 384 385 136  -6.913   0.000  -6.913   0.000
 134 135 136 392  -6.655   0.000  -6.655   0.000
 390 391 392 136   5.661   0.000   5.661   0.000
 134 135 136 398  -3.759   0.000  -3.759   0.000
 396 397 398 136  -4.272   0.000  -4.272   0.000
 134 135 136 404  -1.285   0.000  -1.285   0.000
 402 403 404 136   0.231   0.000   0.231   0.382
 134 135 136 411   1.830   0.000   1.830   0.000
 409 410 411 136  -2.547   0.000  -2.547   0.000
 134 135 136 417   5.099   0.000   5.099   0.000
 415 416 417 136  10.791   0.000  10.791   0.000
 134 135 136 424   5.794   0.000   5.794   0.000
 422 423 424 136  -6.362   0.000  -6.362   0.000
 134 135 136 430   8.979   0.000   8.979   0.000
 428 429 430 136   6.832   0.000   6.832   0.000
 134 135 136 437  11.910   0.000  11.910   0.000
 435 436 437 136 -12.743   0.000 -12.743   0.000
 134 135 136 444  14.210   0.000  14.210   0.000
 442 443 444 136 -15.601   0.000 -15.601   0.000
 140 141 142 148  -3.686   0.000  -3.686   0.000
 146 147 148 142   3.184   0.000   3.184   0.000
 140 141 142 155  -7.320   0.000  -7.320   0.000
 153 154 155 142  -5.658   0.000  -5.658   0.000
 140 141 142 161  -9.998   0.000  -9.998   0.000
 159 160 161 142   8.070   0.000   8.070   0.000
 140 141 142 168 -13.029   0.000 -13.029   0.000
 166 167 168 142   8.966   0.000   8.966   0.000
 140 141 142 174 -12.683   0.000 -12.683   0.000
 172 173 174 142  13.874   0.000  13.874   0.000
 140 141 142 358 -11.521   0.000 -11.521   0.000
 356 357 358 142 -17.028   0.000 -17.028   0.000
 140 141 142 365  -9.988   0.000  -9.988   0.000
 363 364 365 142  13.868   0.000  13.868   0.000
 140 141 142 372  -8.931   0.000  -8.931   0.000
 370 371 372 142  10.854   0.000  10.854   0.000
 140 141 142 379  -7.320   0.000  -7.320   0.000
 377 378 379 142   7.914   0.000   7.914   0.000
 140 141 142 385  -5.618   0.000  -5.618   0.000
 383 384 385 142  -5.199   0.000  -5.199   0.000
 140 141 142 392  -4.137   0.000  -4.137   0.000
 390 391 392 142   3.638   0.000   3.638   0.000
 140 141 142 398  -0.930   0.000  -0.930   0.006
 396 397 398 142  -2.504   0.000  -2.504   0.000
 140 141 142 404   2.471   0.000   2.471   0.000
 402 403 404 142   3.139   0.000   3.139   0.000
 140 141 142 411   6.178   0.000   6.178   0.000
 409 410 411 142  -6.258   0.000  -6.258   0.000
 140 141 142 417  11.137   0.000  11.137   0.000
 415 416 417 142  10.252   0.000  10.252   0.000
 140 141 142 424   9.832   0.000   9.832   0.000
 422 423 424 142  -9.886   0.000  -9.886   0.000
 140 141 142 430  12.880   0.000  12.880   0.000
 428 429 430 142  10.480   0.000  10.480   0.000
 140 141 142 437  14.846   0.000  14.846   0.000
 435 436 437 142 -16.165   0.000 -16.165   0.000
 146 147 148 155  -4.118   0.000  -4.118   0.000
 153 154 155 148  -3.618   0.000  -3.618   0.000
 146 147 148 161  -7.206   0.000  -7.206   0.000
 159 160 161 148   6.831   0.000   6.831   0.000
 146 147 148 168 -10.572   0.000 -10.572   0.000
 166 167 168 148   8.659   0.000   8.659   0.000
 146 147 148 174 -12.163   0.000 -12.163   0.000
 172 173 174 148  13.430   0.000  13.430   0.000
 146 147 148 352 -12.451   0.000 -12.451   0.000
 350 351 352 148  21.604   0.000  21.604   0.000
 146 147 148 358 -11.313   0.000 -11.313   0.000
 356 357 358 148 -16.640   0.000 -16.640   0.000
 146 147 148 365  -9.828   0.000  -9.828   0.000
 363 364 365 148  12.437   0.000  12.437   0.000
 146 147 148 372  -8.180   0.000  -8.180   0.000
 370 371 372 148   9.151   0.000   9.151   0.000
 146 147 148 379  -5.834   0.000  -5.834   0.000
 377 378 379 148   5.977   0.000   5.977   0.000
 146 147 148 385  -3.672   0.000  -3.672   0.000
 383 384 385 148  -3.583   0.000  -3.583   0.000
 146 147 148 392  -1.165   0.000  -1.165   0.001
 390 391 392 148   1.397   0.000   1.397   0.000
 146 147 148 398   2.142   0.000   2.142   0.000
 396 397 398 148  -0.091   0.000  -0.091   0.480
 146 147 148 404   5.956   0.000   5.956   0.000
 402 403 404 148   6.157   0.000   6.157   0.000
 146 147 148 411   9.750   0.000   9.750   0.000
 409 410 411 148  -9.751   0.000  -9.751   0.000
 146 147 148 417  17.025   0.000  17.025   0.000
 415 416 417 148  10.478   0.000  10.478   0.000
 146 147 148 424  12.616   0.000  12.616   0.000
 422 423 424 148 -13.007   0.000 -13.007   0.000
 146 147 148 430  15.280   0.000  15.280   0.000
 428 429 430 148  13.636   0.000  13.636   0.000
 153 154 155 161   3.237   0.000   3.237   0.000
 159 160 161 155   3.004   0.000   3.004   0.000
 153 154 155 168   6.985   0.000   6.985   0.000
 166 167 168 155   6.154   0.000   6.154   0.000
 153 154 155 174  10.228   0.000  10.228   0.000
 172 173 174 155  10.881   0.000  10.881   0.000
 153 154 155 181  13.364   0.000  13.364   0.000
 179 180 181 155 -13.361   0.000 -13.361   0.000
 153 154 155 345  18.851   0.000  18.851   0.000
 343 344 345 155  -6.536   0.000  -6.536   0.000
 153 154 155 352  15.040   0.000  15.040   0.000
 350 351 352 155  19.487   0.000  19.487   0.000
 153 154 155 358  12.666   0.000  12.666   0.000
 356 357 358 155 -15.605   0.000 -15.605   0.000
 153 154 155 365   9.615   0.000   9.615   0.000
 363 364 365 155   9.982   0.000   9.982   0.000
 153 154 155 372   6.637   0.000   6.637   0.000
 370 371 372 155   6.326   0.000   6.326   0.000
 153 154 155 379   3.074   0.000   3.074   0.000
 377 378 379 155   2.723   0.000   2.723   0.000
 153 154 155 385   0.076   0.000   0.076   0.486
 383 384 385 155  -0.240   0.000  -0.240   0.374
 153 154 155 392  -3.100   0.000  -3.100   0.000
 390 391 392 155  -2.654   0.000  -2.654   0.000
 153 154 155 398  -6.226   0.000  -6.226   0.000
 396 397 398 155   4.306   0.000   4.306   0.000
 153 154 155 404  -9.463   0.000  -9.463   0.000
 402 403 404 155  10.140   0.000  10.140   0.000
 153 154 155 411 -12.539   0.000 -12.539   0.000
 409 410 411 155 -12.708   0.000 -12.708   0.000
 153 154 155 417 -22.476   0.000 -22.476   0.000
 415 416 417 155  13.766   0.000  13.766   0.000
 159 160 161 168  -3.088   0.000  -3.088   0.000
 166 167 168 161   3.367   0.000   3.367   0.000
 159 160 161 174  -8.027   0.000  -8.027   0.000
 172 173 174 161   8.050   0.000   8.050   0.000
 159 160 161 181 -10.345   0.000 -10.345   0.000
 179 180 181 161 -10.141   0.000 -10.141   0.000
 159 160 161 188 -12.938   0.000 -12.938   0.000
 186 187 188 161 -15.320   0.000 -15.320   0.000
 159 160 161 345 -13.222   0.000 -13.222   0.000
 343 344 345 161  -3.909   0.000  -3.909   0.000
 159 160 161 352 -10.808   0.000 -10.808   0.000
 350 351 352 161  16.775   0.000  16.775   0.000
 159 160 161 358  -8.305   0.000  -8.305   0.000
 356 357 358 161 -13.428   0.000 -13.428   0.000
 159 160 161 365  -7.184   0.000  -7.184   0.000
 363 364 365 161   7.108   0.000   7.108   0.000
 159 160 161 372  -4.766   0.000  -4.766   0.000
 370 371 372 161   3.311   0.000   3.311   0.000
 159 160 161 379  -1.581   0.000  -1.581   0.000
 377 378 379 161  -0.432   0.000  -0.432   0.195
 159 160 161 385   0.914   0.000   0.914   0.007
 383 384 385 161   2.934   0.000   2.934   0.000
 159 160 161 392   4.709   0.000   4.709   0.000
 390 391 392 161  -5.899   0.000  -5.899   0.000
 159 160 161 398   7.259   0.000   7.259   0.000
 396 397 398 161   7.192   0.000   7.192   0.000
 159 160 161 404  10.724   0.000  10.724   0.000
 402 403 404 161  13.290   0.000  13.290   0.000
 159 160 161 411  13.549   0.000  13.549   0.000
 409 410 411 161 -15.203   0.000 -15.203   0.000
 166 167 168 174  -4.791   0.000  -4.791   0.000
 172 173 174 168   4.612   0.000   4.612   0.000
 166 167 168 181  -9.513   0.000  -9.513   0.000
 179 180 181 168  -6.365   0.000  -6.365   0.000
 166 167 168 188 -12.424   0.000 -12.424   0.000
 186 187 188 168 -11.672   0.000 -11.672   0.000
 166 167 168 195 -16.228   0.000 -16.228   0.000
 193 194 195 168 -14.842   0.000 -14.842   0.000
 166 167 168 339 -15.779   0.000 -15.779   0.000
 337 338 339 168  13.594   0.000  13.594   0.000
 166 167 168 345 -14.914   0.000 -14.914   0.000
 343 344 345 168  -1.431   0.000  -1.431   0.000
 166 167 168 352 -13.144   0.000 -13.144   0.000
 350 351 352 168  13.269   0.000  13.269   0.000
 166 167 168 358  -9.842   0.000  -9.842   0.000
 356 357 358 168 -10.211   0.000 -10.211   0.000
 166 167 168 365  -6.063   0.000  -6.063   0.000
 363 364 365 168   3.381   0.000   3.381   0.000
 166 167 168 372  -2.305   0.000  -2.305   0.000
 370 371 372 168  -0.481   0.000  -0.481   0.155
 166 167 168 379   1.853   0.000   1.853   0.000
 377 378 379 168  -4.241   0.000  -4.241   0.000
 166 167 168 385   5.114   0.000   5.114   0.000
 383 384 385 168   6.674   0.000   6.674   0.000
 166 167 168 392   8.582   0.000   8.582   0.000
 390 391 392 168  -9.431   0.000  -9.431   0.000
 166 167 168 398  10.853   0.000  10.853   0.000
 396 397 398 168   9.915   0.000   9.915   0.000
 166 167 168 404  12.966   0.000  12.966   0.000
 402 403 404 168  16.820   0.000  16.820   0.000
 172 173 174 181  -4.716   0.000  -4.716   0.000
 179 180 181 174  -3.262   0.000  -3.262   0.000
 172 173 174 188  -7.716   0.000  -7.716   0.000
 186 187 188 174  -8.096   0.000  -8.096   0.000
 172 173 174 195 -11.452   0.000 -11.452   0.000
 193 194 195 174 -11.250   0.000 -11.250   0.000
 172 173 174 202 -14.032   0.000 -14.032   0.000
 200 201 202 174 -16.524   0.000 -16.524   0.000
 172 173 174 332 -14.114   0.000 -14.114   0.000
 330 331 332 174 -11.622   0.000 -11.622   0.000
 172 173 174 339 -11.083   0.000 -11.083   0.000
 337 338 339 174  10.965   0.000  10.965   0.000
 172 173 174 345 -10.314   0.000 -10.314   0.000
 343 344 345 174  -0.270   0.000  -0.270   0.346
 172 173 174 352  -8.347   0.000  -8.347   0.000
 350 351 352 174   9.478   0.000   9.478   0.000
 172 173 174 358  -5.091   0.000  -5.091   0.000
 356 357 358 174  -8.034   0.000  -8.034   0.000
 172 173 174 365  -1.203   0.000  -1.203   0.000
 363 364 365 174   0.800   0.000   0.800   0.020
 172 173 174 372   2.566   0.000   2.566   0.000
 370 371 372 174  -3.136   0.000  -3.136   0.000
 172 173 174 379   6.733   0.000   6.733   0.000
 377 378 379 174  -7.127   0.000  -7.127   0.000
 172 173 174 385  10.024   0.000  10.024   0.000
 383 384 385 174  10.325   0.000  10.325   0.000
 172 173 174 392  13.443   0.000  13.443   0.000
 390 391 392 174 -12.884   0.000 -12.884   0.000
 172 173 174 398  15.799   0.000  15.799   0.000
 396 397 398 174  13.259   0.000  13.259   0.000
 179 180 181 188   3.472   0.000   3.472   0.000
 186 187 188 181  -3.313   0.000  -3.313   0.000
 179 180 181 195   4.377   0.000   4.377   0.000
 193 194 195 181  -6.684   0.000  -6.684   0.000
 179 180 181 202   7.141   0.000   7.141   0.000
 200 201 202 181 -11.265   0.000 -11.265   0.000
 179 180 181 209   8.907   0.000   8.907   0.000
 207 208 209 181 -14.013   0.000 -14.013   0.000
 179 180 181 319  15.564   0.000  15.564   0.000
 317 318 319 181 -12.367   0.000 -12.367   0.000
 179 180 181 325  12.298   0.000  12.298   0.000
 323 324 325 181 -12.266   0.000 -12.266   0.000
 179 180 181 332   9.076   0.000   9.076   0.000
 330 331 332 181  -8.682   0.000  -8.682   0.000
 179 180 181 339   7.344   0.000   7.344   0.000
 337 338 339 181   6.044   0.000   6.044   0.000
 179 180 181 345   5.717   0.000   5.717   0.000
 343 344 345 181  -1.441   0.000  -1.441   0.000
 179 180 181 352   1.868   0.000   1.868   0.000
 350 351 352 181   4.355   0.000   4.355   0.000
 179 180 181 358  -0.512   0.000  -0.512   0.133
 356 357 358 181  -2.560   0.000  -2.560   0.000
 179 180 181 365  -3.772   0.000  -3.772   0.000
 363 364 365 181  -3.722   0.000  -3.722   0.000
 179 180 181 372  -6.818   0.000  -6.818   0.000
 370 371 372 181  -7.267   0.000  -7.267   0.000
 179 180 181 379 -10.419   0.000 -10.419   0.000
 377 378 379 181 -10.759   0.000 -10.759   0.000
 179 180 181 385 -13.458   0.000 -13.458   0.000
 383 384 385 181  14.027   0.000  14.027   0.000
 186 187 188 195   3.789   0.000   3.789   0.000
 193 194 195 188  -3.329   0.000  -3.329   0.000
 186 187 188 202   6.724   0.000   6.724   0.000
 200 201 202 188  -8.047   0.000  -8.047   0.000
 186 187 188 209   9.418   0.000   9.418   0.000
 207 208 209 188 -10.628   0.000 -10.628   0.000
 186 187 188 313  17.416   0.000  17.416   0.000
 311 312 313 188  17.509   0.000  17.509   0.000
 186 187 188 319  13.707   0.000  13.707   0.000
 317 318 319 188  -9.982   0.000  -9.982   0.000
 186 187 188 325  10.331   0.000  10.331   0.000
 323 324 325 188  -9.030   0.000  -9.030   0.000
 186 187 188 332   6.597   0.000   6.597   0.000
 330 331 332 188  -5.317   0.000  -5.317   0.000
 186 187 188 339   3.153   0.000   3.153   0.000
 337 338 339 188   2.666   0.000   2.666   0.000
 186 187 188 345   3.256   0.000   3.256   0.000
 343 344 345 188   0.891   0.000   0.891   0.009
 186 187 188 352   0.564   0.000   0.564   0.100
 350 351 352 188   1.200   0.000   1.200   0.000
 186 187 188 358  -2.447   0.000  -2.447   0.000
 356 357 358 188   0.473   0.000   0.473   0.161
 186 187 188 365  -6.993   0.000  -6.993   0.000
 363 364 365 188  -7.212   0.000  -7.212   0.000
 186 187 188 372 -10.816   0.000 -10.816   0.000
 370 371 372 188 -10.810   0.000 -10.810   0.000
 186 187 188 379 -14.959   0.000 -14.959   0.000
 377 378 379 188 -14.291   0.000 -14.291   0.000
 193 194 195 202   2.914   0.000   2.914   0.000
 200 201 202 195  -3.056   0.000  -3.056   0.000
 193 194 195 209   5.457   0.000   5.457   0.000
 207 208 209 195  -6.308   0.000  -6.308   0.000
 193 194 195 216   9.678   0.000   9.678   0.000
 214 215 216 195  -9.762   0.000  -9.762   0.000
 193 194 195 222  12.861   0.000  12.861   0.000
 220 221 222 195  12.429   0.000  12.429   0.000
 193 194 195 229  16.769   0.000  16.769   0.000
 227 228 229 195 -15.591   0.000 -15.591   0.000
 193 194 195 306  17.862   0.000  17.862   0.000
 304 305 306 195 -16.155   0.000 -16.155   0.000
 193 194 195 313  13.884   0.000  13.884   0.000
 311 312 313 195  12.746   0.000  12.746   0.000
 193 194 195 319  10.214   0.000  10.214   0.000
 317 318 319 195  -9.445   0.000  -9.445   0.000
 193 194 195 325   6.822   0.000   6.822   0.000
 323 324 325 195  -7.423   0.000  -7.423   0.000
 193 194 195 332   3.151   0.000   3.151   0.000
 330 331 332 195  -4.971   0.000  -4.971   0.000
 193 194 195 339  -0.009   0.000  -0.009   0.500
 337 338 339 195  -1.586   0.000  -1.586   0.000
 193 194 195 345  -0.253   0.000  -0.253   0.362
 343 344 345 195  -4.485   0.000  -4.485   0.000
 193 194 195 352  -3.127   0.000  -3.127   0.000
 350 351 352 195  -3.353   0.000  -3.353   0.000
 193 194 195 358  -6.075   0.000  -6.075   0.000
 356 357 358 195   6.310   0.000   6.310   0.000
 193 194 195 365 -10.407   0.000 -10.407   0.000
 363 364 365 195 -10.596   0.000 -10.596   0.000
 193 194 195 372 -14.131   0.000 -14.131   0.000
 370 371 372 195 -13.380   0.000 -13.380   0.000
 193 194 195 379 -18.225   0.000 -18.225   0.000
 377 378 379 195 -15.877   0.000 -15.877   0.000
 200 201 202 209   3.183   0.000   3.183   0.000
 207 208 209 202  -3.127   0.000  -3.127   0.000
 200 201 202 216   6.593   0.000   6.593   0.000
 214 215 216 202  -6.749   0.000  -6.749   0.000
 200 201 202 222   9.681   0.000   9.681   0.000
 220 221 222 202   9.585   0.000   9.585   0.000
 200 201 202 229  12.647   0.000  12.647   0.000
 227 228 229 202 -12.866   0.000 -12.866   0.000
 200 201 202 235  16.106   0.000  16.106   0.000
 233 234 235 202  14.723   0.000  14.723   0.000
 200 201 202 286  19.315   0.000  19.315   0.000
 284 285 286 202   2.018   0.000   2.018   0.000
 200 201 202 306  12.803   0.000  12.803   0.000
 304 305 306 202 -14.287   0.000 -14.287   0.000
 200 201 202 313   9.495   0.000   9.495   0.000
 311 312 313 202  10.020   0.000  10.020   0.000
 200 201 202 319   5.801   0.000   5.801   0.000
 317 318 319 202  -7.835   0.000  -7.835   0.000
 200 201 202 325   2.610   0.000   2.610   0.000
 323 324 325 202  -4.862   0.000  -4.862   0.000
 200 201 202 332  -1.267   0.000  -1.267   0.000
 330 331 332 202  -2.389   0.000  -2.389   0.000
 200 201 202 339  -5.591   0.000  -5.591   0.000
 337 338 339 202  -4.711   0.000  -4.711   0.000
 200 201 202 345  -4.085   0.000  -4.085   0.000
 343 344 345 202  -3.268   0.000  -3.268   0.000
 200 201 202 352  -6.498   0.000  -6.498   0.000
 350 351 352 202  -6.229   0.000  -6.229   0.000
 200 201 202 358  -9.464   0.000  -9.464   0.000
 356 357 358 202   9.373   0.000   9.373   0.000
 200 201 202 365 -14.766   0.000 -14.766   0.000
 363 364 365 202 -13.716   0.000 -13.716   0.000
 200 201 202 372 -18.754   0.000 -18.754   0.000
 370 371 372 202 -16.440   0.000 -16.440   0.000
 207 208 209 216   3.471   0.000   3.471   0.000
 214 215 216 209  -3.900   0.000  -3.900   0.000
 207 208 209 222   6.527   0.000   6.527   0.000
 220 221 222 209   7.736   0.000   7.736   0.000
 207 208 209 229   9.436   0.000   9.436   0.000
 227 228 229 209  -9.983   0.000  -9.983   0.000
 207 208 209 235  12.778   0.000  12.778   0.000
 233 234 235 209  12.855   0.000  12.855   0.000
 207 208 209 286  13.465   0.000  13.465   0.000
 284 285 286 209   2.672   0.000   2.672   0.000
 207 208 209 293  13.177   0.000  13.177   0.000
 291 292 293 209  16.704   0.000  16.704   0.000
 207 208 209 300  11.716   0.000  11.716   0.000
 298 299 300 209  14.273   0.000  14.273   0.000
 207 208 209 306   9.182   0.000   9.182   0.000
 304 305 306 209 -12.283   0.000 -12.283   0.000
 207 208 209 313   6.400   0.000   6.400   0.000
 311 312 313 209   7.222   0.000   7.222   0.000
 207 208 209 319   2.859   0.000   2.859   0.000
 317 318 319 209  -7.100   0.000  -7.100   0.000
 207 208 209 325  -0.233   0.000  -0.233   0.380
 323 324 325 209  -3.101   0.000  -3.101   0.000
 207 208 209 332  -4.061   0.000  -4.061   0.000
 330 331 332 209  -0.928   0.000  -0.928   0.006
 207 208 209 339  -8.195   0.000  -8.195   0.000
 337 338 339 209  -7.740   0.000  -7.740   0.000
 207 208 209 345  -6.551   0.000  -6.551   0.000
 343 344 345 209  -4.190   0.000  -4.190   0.000
 207 208 209 352  -9.609   0.000  -9.609   0.000
 350 351 352 209  -9.095   0.000  -9.095   0.000
 207 208 209 358 -12.237   0.000 -12.237   0.000
 356 357 358 209  12.872   0.000  12.872   0.000
 207 208 209 365 -17.572   0.000 -17.572   0.000
 363 364 365 209 -16.488   0.000 -16.488   0.000
 214 215 216 222   3.168   0.000   3.168   0.000
 220 221 222 216   3.039   0.000   3.039   0.000
 214 215 216 229   6.685   0.000   6.685   0.000
 227 228 229 216  -6.421   0.000  -6.421   0.000
 214 215 216 235  10.123   0.000  10.123   0.000
 233 234 235 216   9.359   0.000   9.359   0.000
 214 215 216 241  13.596   0.000  13.596   0.000
 239 240 241 216  14.439   0.000  14.439   0.000
 214 215 216 286  13.061   0.000  13.061   0.000
 284 285 286 216  -1.603   0.000  -1.603   0.000
 214 215 216 293  12.134   0.000  12.134   0.000
 291 292 293 216  13.432   0.000  13.432   0.000
 214 215 216 300  10.142   0.000  10.142   0.000
 298 299 300 216  10.885   0.000  10.885   0.000
 214 215 216 306   7.340   0.000   7.340   0.000
 304 305 306 216  -8.844   0.000  -8.844   0.000
 214 215 216 313   3.661   0.000   3.661   0.000
 311 312 313 216   3.527   0.000   3.527   0.000
 214 215 216 319  -0.042   0.000  -0.042   0.496
 317 318 319 216  -2.590   0.000  -2.590   0.000
 214 215 216 325  -3.368   0.000  -3.368   0.000
 323 324 325 216   1.617   0.000   1.617   0.000
 214 215 216 332  -7.162   0.000  -7.162   0.000
 330 331 332 216   3.967   0.000   3.967   0.000
 214 215 216 339 -10.860   0.000 -10.860   0.000
 337 338 339 216 -11.406   0.000 -11.406   0.000
 214 215 216 345 -10.312   0.000 -10.312   0.000
 343 344 345 216   0.146   0.000   0.146   0.449
 214 215 216 352 -13.049   0.000 -13.049   0.000
 350 351 352 216 -12.866   0.000 -12.866   0.000
 214 215 216 358 -16.009   0.000 -16.009   0.000
 356 357 358 216  15.600   0.000  15.600   0.000
 220 221 222 229  -4.320   0.000  -4.320   0.000
 227 228 229 222  -3.348   0.000  -3.348   0.000
 220 221 222 235  -7.285   0.000  -7.285   0.000
 233 234 235 222   6.709   0.000   6.709   0.000
 220 221 222 241 -10.745   0.000 -10.745   0.000
 239 240 241 222  11.945   0.000  11.945   0.000
 220 221 222 247 -12.589   0.000 -12.589   0.000
 245 246 247 222  13.784   0.000  13.784   0.000
 220 221 222 280 -10.597   0.000 -10.597   0.000
 278 279 280 222  11.533   0.000  11.533   0.000
 220 221 222 286  -6.145   0.000  -6.145   0.000
 284 285 286 222  -3.221   0.000  -3.221   0.000
 220 221 222 293  -8.553   0.000  -8.553   0.000
 291 292 293 222  10.453   0.000  10.453   0.000
 220 221 222 300  -7.590   0.000  -7.590   0.000
 298 299 300 222   7.915   0.000   7.915   0.000
 220 221 222 306  -5.438   0.000  -5.438   0.000
 304 305 306 222  -6.160   0.000  -6.160   0.000
 220 221 222 313  -1.959   0.000  -1.959   0.000
 311 312 313 222   0.432   0.000   0.432   0.195
 220 221 222 319   1.269   0.000   1.269   0.000
 317 318 319 222  -0.024   0.000  -0.024   0.499
 220 221 222 325   4.486   0.000   4.486   0.000
 323 324 325 222   4.688   0.000   4.688   0.000
 220 221 222 332   7.737   0.000   7.737   0.000
 330 331 332 222   6.946   0.000   6.946   0.000
 220 221 222 339   9.578   0.000   9.578   0.000
 337 338 339 222 -14.526   0.000 -14.526   0.000
 220 221 222 345  10.907   0.000  10.907   0.000
 343 344 345 222   1.692   0.000   1.692   0.000
 220 221 222 352  14.945   0.000  14.945   0.000
 350 351 352 222 -16.007   0.000 -16.007   0.000
 227 228 229 235   3.474   0.000   3.474   0.000
 233 234 235 229   3.002   0.000   3.002   0.000
 227 228 229 241   7.405   0.000   7.405   0.000
 239 240 241 229   7.932   0.000   7.932   0.000
 227 228 229 247  10.342   0.000  10.342   0.000
 245 246 247 229  10.980   0.000  10.980   0.000
 227 228 229 254  13.045   0.000  13.045   0.000
 252 253 254 229 -12.892   0.000 -12.892   0.000
 227 228 229 280  11.231   0.000  11.231   0.000
 278 279 280 229  11.657   0.000  11.657   0.000
 227 228 229 286   9.930   0.000   9.930   0.000
 284 285 286 229  -7.265   0.000  -7.265   0.000
 227 228 229 293   6.975   0.000   6.975   0.000
 291 292 293 229   7.343   0.000   7.343   0.000
 227 228 229 300   4.222   0.000   4.222   0.000
 298 299 300 229   4.632   0.000   4.632   0.000
 227 228 229 306   1.112   0.000   1.112   0.001
 304 305 306 229  -2.540   0.000  -2.540   0.000
 227 228 229 313  -3.094   0.000  -3.094   0.000
 311 312 313 229  -3.057   0.000  -3.057   0.000
 227 228 229 319  -6.867   0.000  -6.867   0.000
 317 318 319 229   4.735   0.000   4.735   0.000
 227 228 229 325 -10.175   0.000 -10.175   0.000
 323 324 325 229   9.261   0.000   9.261   0.000
 227 228 229 332 -13.906   0.000 -13.906   0.000
 330 331 332 229  11.613   0.000  11.613   0.000
 227 228 229 339 -17.854   0.000 -17.854   0.000
 337 338 339 229 -17.704   0.000 -17.704   0.000
 233 234 235 241  -4.958   0.000  -4.958   0.000
 239 240 241 235   5.198   0.000   5.198   0.000
 233 234 235 247  -8.507   0.000  -8.507   0.000
 245 246 247 235   7.889   0.000   7.889   0.000
 233 234 235 254 -10.663   0.000 -10.663   0.000
 252 253 254 235  -9.564   0.000  -9.564   0.000
 233 234 235 261 -12.429   0.000 -12.429   0.000
 259 260 261 235  -9.443   0.000  -9.443   0.000
 233 234 235 267 -17.554   0.000 -17.554   0.000
 265 266 267 235 -16.876   0.000 -16.876   0.000
 233 234 235 273 -14.175   0.000 -14.175   0.000
 271 272 273 235 -10.485   0.000 -10.485   0.000
 233 234 235 280 -10.919   0.000 -10.919   0.000
 278 279 280 235  11.010   0.000  11.010   0.000
 233 234 235 286 -10.673   0.000 -10.673   0.000
 284 285 286 235  -8.216   0.000  -8.216   0.000
 233 234 235 293  -6.295   0.000  -6.295   0.000
 291 292 293 235   3.897   0.000   3.897   0.000
 233 234 235 300  -2.810   0.000  -2.810   0.000
 298 299 300 235   1.219   0.000   1.219   0.000
 233 234 235 306   0.314   0.000   0.314   0.304
 304 305 306 235   0.522   0.000   0.522   0.126
 233 234 235 313   5.520   0.000   5.520   0.000
 311 312 313 235  -6.522   0.000  -6.522   0.000
 233 234 235 319   8.896   0.000   8.896   0.000
 317 318 319 235   7.269   0.000   7.269   0.000
 233 234 235 325  11.981   0.000  11.981   0.000
 323 324 325 235  12.357   0.000  12.357   0.000
 233 234 235 332  14.922   0.000  14.922   0.000
 330 331 332 235  14.473   0.000  14.473   0.000
 239 240 241 247  -3.527   0.000  -3.527   0.000
 245 246 247 241   3.511   0.000   3.511   0.000
 239 240 241 254  -5.181   0.000  -5.181   0.000
 252 253 254 241  -6.286   0.000  -6.286   0.000
 239 240 241 261  -7.046   0.000  -7.046   0.000
 259 260 261 241  -7.397   0.000  -7.397   0.000
 239 240 241 267 -11.948   0.000 -11.948   0.000
 265 266 267 241 -11.734   0.000 -11.734   0.000
 239 240 241 273  -8.512   0.000  -8.512   0.000
 271 272 273 241  -7.553   0.000  -7.553   0.000
 239 240 241 280  -5.870   0.000  -5.870   0.000
 278 279 280 241   8.378   0.000   8.378   0.000
 239 240 241 286  -5.349   0.000  -5.349   0.000
 284 285 286 241 -10.240   0.000 -10.240   0.000
 239 240 241 293  -1.576   0.000  -1.576   0.000
 291 292 293 241  -0.050   0.000  -0.050   0.494
 239 240 241 300   1.789   0.000   1.789   0.000
 298 299 300 241  -2.952   0.000  -2.952   0.000
 239 240 241 306   4.718   0.000   4.718   0.000
 304 305 306 241   5.398   0.000   5.398   0.000
 239 240 241 313  10.103   0.000  10.103   0.000
 311 312 313 241 -10.534   0.000 -10.534   0.000
 239 240 241 319  13.227   0.000  13.227   0.000
 317 318 319 241  12.426   0.000  12.426   0.000
 239 240 241 325  16.212   0.000  16.212   0.000
 323 324 325 241  16.737   0.000  16.737   0.000
 245 246 247 254  -2.821   0.000  -2.821   0.000
 252 253 254 247  -3.345   0.000  -3.345   0.000
 245 246 247 261  -3.768   0.000  -3.768   0.000
 259 260 261 247  -6.196   0.000  -6.196   0.000
 245 246 247 267 -10.126   0.000 -10.126   0.000
 265 266 267 247  -8.254   0.000  -8.254   0.000
 245 246 247 273  -6.906   0.000  -6.906   0.000
 271 272 273 247  -5.131   0.000  -5.131   0.000
 245 246 247 280  -3.005   0.000  -3.005   0.000
 278 279 280 247   5.698   0.000   5.698   0.000
 245 246 247 286  -3.872   0.000  -3.872   0.000
 284 285 286 247 -10.291   0.000 -10.291   0.000
 245 246 247 293   2.057   0.000   2.057   0.000
 291 292 293 247  -3.116   0.000  -3.116   0.000
 245 246 247 300   5.787   0.000   5.787   0.000
 298 299 300 247  -6.123   0.000  -6.123   0.000
 245 246 247 306   9.039   0.000   9.039   0.000
 304 305 306 247   8.935   0.000   8.935   0.000
 245 246 247 313  13.765   0.000  13.765   0.000
 311 312 313 247 -13.469   0.000 -13.469   0.000
 245 246 247 319  17.186   0.000  17.186   0.000
 317 318 319 247  15.466   0.000  15.466   0.000
 252 253 254 261   1.235   0.000   1.235   0.000
 259 260 261 254  -4.431   0.000  -4.431   0.000
 252 253 254 267   5.905   0.000   5.905   0.000
 265 266 267 254  -6.506   0.000  -6.506   0.000
 252 253 254 273   3.348   0.000   3.348   0.000
 271 272 273 254  -4.674   0.000  -4.674   0.000
 252 253 254 280  -1.271   0.000  -1.271   0.000
 278 279 280 254   3.990   0.000   3.990   0.000
 252 253 254 286  -0.727   0.000  -0.727   0.035
 284 285 286 254  -8.767   0.000  -8.767   0.000
 252 253 254 293  -6.054   0.000  -6.054   0.000
 291 292 293 254  -5.987   0.000  -5.987   0.000
 252 253 254 300  -9.232   0.000  -9.232   0.000
 298 299 300 254  -8.880   0.000  -8.880   0.000
 252 253 254 306 -12.398   0.000 -12.398   0.000
 304 305 306 254  11.208   0.000  11.208   0.000
 252 253 254 313 -16.067   0.000 -16.067   0.000
 311 312 313 254 -16.071   0.000 -16.071   0.000
 259 260 261 267  -4.249   0.000  -4.249   0.000
 265 266 267 261  -4.358   0.000  -4.358   0.000
 259 260 261 273  -5.324   0.000  -5.324   0.000
 271 272 273 261  -7.624   0.000  -7.624   0.000
 259 260 261 280  -8.657   0.000  -8.657   0.000
 278 279 280 261   7.306   0.000   7.306   0.000
 259 260 261 286 -12.688   0.000 -12.688   0.000
 284 285 286 261 -13.892   0.000 -13.892   0.000
 259 260 261 293 -10.474   0.000 -10.474   0.000
 291 292 293 261  -8.229   0.000  -8.229   0.000
 259 260 261 300 -10.973   0.000 -10.973   0.000
 298 299 300 261 -11.125   0.000 -11.125   0.000
 259 260 261 306 -12.948   0.000 -12.948   0.000
 304 305 306 261  12.957   0.000  12.957   0.000
 259 260 261 313 -15.086   0.000 -15.086   0.000
 311 312 313 261 -18.920   0.000 -18.920   0.000
 265 266 267 273  -3.380   0.000  -3.380   0.000
 271 272 273 267   2.365   0.000   2.365   0.000
 265 266 267 280  -6.208   0.000  -6.208   0.000
 278 279 280 267  -3.878   0.000  -3.878   0.000
 265 266 267 286  -7.029   0.000  -7.029   0.000
 284 285 286 267  -5.885   0.000  -5.885   0.000
 265 266 267 293 -10.484   0.000 -10.484   0.000
 291 292 293 267 -11.572   0.000 -11.572   0.000
 265 266 267 300 -13.755   0.000 -13.755   0.000
 298 299 300 267 -14.689   0.000 -14.689   0.000
 271 272 273 280   0.059   0.000   0.059   0.491
 278 279 280 273  -1.446   0.000  -1.446   0.000
 271 272 273 286   4.204   0.000   4.204   0.000
 284 285 286 273  -5.480   0.000  -5.480   0.000
 271 272 273 293  -2.888   0.000  -2.888   0.000
 291 292 293 273  -8.789   0.000  -8.789   0.000
 271 272 273 300  -6.020   0.000  -6.020   0.000
 298 299 300 273 -11.781   0.000 -11.781   0.000
 271 272 273 306  -7.199   0.000  -7.199   0.000
 304 305 306 273  14.739   0.000  14.739   0.000
 278 279 280 286  -5.025   0.000  -5.025   0.000
 284 285 286 280  -6.184   0.000  -6.184   0.000
 278 279 280 293   3.982   0.000   3.982   0.000
 291 292 293 280  -4.527   0.000  -4.527   0.000
 278 279 280 300   7.645   0.000   7.645   0.000
 298 299 300 280  -7.659   0.000  -7.659   0.000
 278 279 280 306   9.412   0.000   9.412   0.000
 304 305 306 280  11.339   0.000  11.339   0.000
 278 279 280 313  12.375   0.000  12.375   0.000
 311 312 313 280 -14.243   0.000 -14.243   0.000
 284 285 286 293  -7.531   0.000  -7.531   0.000
 291 292 293 286  -3.834   0.000  -3.834   0.000
 284 285 286 300  -8.836   0.000  -8.836   0.000
 298 299 300 286  -6.957   0.000  -6.957   0.000
 284 285 286 306  -8.714   0.000  -8.714   0.000
 304 305 306 286  11.146   0.000  11.146   0.000
 291 292 293 300   3.009   0.000   3.009   0.000
 298 299 300 293  -3.096   0.000  -3.096   0.000
 291 292 293 306   6.197   0.000   6.197   0.000
 304 305 306 293   6.655   0.000   6.655   0.000
 291 292 293 313  10.453   0.000  10.453   0.000
 311 312 313 293 -10.063   0.000 -10.063   0.000
 291 292 293 319  14.201   0.000  14.201   0.000
 317 318 319 293  13.068   0.000  13.068   0.000
 298 299 300 306   3.205   0.000   3.205   0.000
 304 305 306 300   3.160   0.000   3.160   0.000
 298 299 300 313   7.673   0.000   7.673   0.000
 311 312 313 300  -7.360   0.000  -7.360   0.000
 298 299 300 319  11.403   0.000  11.403   0.000
 317 318 319 300  10.603   0.000  10.603   0.000
 298 299 300 325  14.653   0.000  14.653   0.000
 323 324 325 300  13.853   0.000  13.853   0.000
 304 305 306 313  -5.138   0.000  -5.138   0.000
 311 312 313 306  -4.271   0.000  -4.271   0.000
 304 305 306 319  -8.567   0.000  -8.567   0.000
 317 318 319 306   8.120   0.000   8.120   0.000
 304 305 306 325 -11.670   0.000 -11.670   0.000
 323 324 325 306  11.264   0.000  11.264   0.000
 304 305 306 332 -14.697   0.000 -14.697   0.000
 330 331 332 306  13.401   0.000  13.401   0.000
 304 305 306 339 -17.464   0.000 -17.464   0.000
 337 338 339 306 -17.837   0.000 -17.837   0.000
 311 312 313 319   3.770   0.000   3.770   0.000
 317 318 319 313   2.921   0.000   2.921   0.000
 311 312 313 325   7.110   0.000   7.110   0.000
 323 324 325 313   6.807   0.000   6.807   0.000
 311 312 313 332  10.821   0.000  10.821   0.000
 330 331 332 313   9.431   0.000   9.431   0.000
 311 312 313 339  14.602   0.000  14.602   0.000
 337 338 339 313 -14.654   0.000 -14.654   0.000
 311 312 313 345  14.313   0.000  14.313   0.000
 343 344 345 313   5.795   0.000   5.795   0.000
 317 318 319 325  -3.048   0.000  -3.048   0.000
 323 324 325 319   3.380   0.000   3.380   0.000
 317 318 319 332  -5.422   0.000  -5.422   0.000
 330 331 332 319   6.271   0.000   6.271   0.000
 317 318 319 339  -5.862   0.000  -5.862   0.000
 337 338 339 319 -11.023   0.000 -11.023   0.000
 317 318 319 345  -9.658   0.000  -9.658   0.000
 343 344 345 319   4.751   0.000   4.751   0.000
 317 318 319 352 -11.393   0.000 -11.393   0.000
 350 351 352 319 -12.650   0.000 -12.650   0.000
 317 318 319 358 -14.157   0.000 -14.157   0.000
 356 357 358 319  13.946   0.000  13.946   0.000
 323 324 325 332  -3.234   0.000  -3.234   0.000
 330 331 332 325   3.030   0.000   3.030   0.000
 323 324 325 339  -5.086   0.000  -5.086   0.000
 337 338 339 325  -7.815   0.000  -7.815   0.000
 323 324 325 345  -7.039   0.000  -7.039   0.000
 343 344 345 325   3.006   0.000   3.006   0.000
 323 324 325 352 -10.060   0.000 -10.060   0.000
 350 351 352 325  -9.306   0.000  -9.306   0.000
 323 324 325 358 -12.852   0.000 -12.852   0.000
 356 357 358 325  11.034   0.000  11.034   0.000
 323 324 325 365 -15.947   0.000 -15.947   0.000
 363 364 365 325 -17.405   0.000 -17.405   0.000
 330 331 332 339  -1.248   0.000  -1.248   0.000
 337 338 339 332  -3.980   0.000  -3.980   0.000
 330 331 332 345  -3.523   0.000  -3.523   0.000
 343 344 345 332   2.174   0.000   2.174   0.000
 330 331 332 352  -7.289   0.000  -7.289   0.000
 350 351 352 332  -5.528   0.000  -5.528   0.000
 330 331 332 358  -9.636   0.000  -9.636   0.000
 356 357 358 332   7.168   0.000   7.168   0.000
 330 331 332 365 -12.389   0.000 -12.389   0.000
 363 364 365 332 -13.665   0.000 -13.665   0.000
 330 331 332 372 -15.256   0.000 -15.256   0.000
 370 371 372 332 -17.039   0.000 -17.039   0.000
 337 338 339 345  -1.194   0.000  -1.194   0.000
 343 344 345 339   4.745   0.000   4.745   0.000
 337 338 339 352   1.731   0.000   1.731   0.000
 350 351 352 339  -1.708   0.000  -1.708   0.000
 337 338 339 358   4.518   0.000   4.518   0.000
 356 357 358 339   2.230   0.000   2.230   0.000
 337 338 339 365   9.662   0.000   9.662   0.000
 363 364 365 339 -10.187   0.000 -10.187   0.000
 337 338 339 372  13.504   0.000  13.504   0.000
 370 371 372 339 -14.084   0.000 -14.084   0.000
 337 338 339 379  17.537   0.000  17.537   0.000
 377 378 379 339 -17.928   0.000 -17.928   0.000
 343 344 345 352  -4.495   0.000  -4.495   0.000
 350 351 352 345  -2.194   0.000  -2.194   0.000
 343 344 345 358  -4.697   0.000  -4.697   0.000
 356 357 358 345   4.926   0.000   4.926   0.000
 343 344 345 365  -3.853   0.000  -3.853   0.000
 363 364 365 345 -10.789   0.000 -10.789   0.000
 343 344 345 372  -4.079   0.000  -4.079   0.000
 370 371 372 345 -14.034   0.000 -14.034   0.000
 350 351 352 358   3.171   0.000   3.171   0.000
 356 357 358 352   2.803   0.000   2.803   0.000
 350 351 352 365   7.909   0.000   7.909   0.000
 363 364 365 352  -7.450   0.000  -7.450   0.000
 350 351 352 372  11.876   0.000  11.876   0.000
 370 371 372 352 -10.416   0.000 -10.416   0.000
 350 351 352 379  16.098   0.000  16.098   0.000
 377 378 379 352 -13.167   0.000 -13.167   0.000
 356 357 358 365  -5.786   0.000  -5.786   0.000
 363 364 365 358  -4.798   0.000  -4.798   0.000
 356 357 358 372  -9.770   0.000  -9.770   0.000
 370 371 372 358  -7.868   0.000  -7.868   0.000
 356 357 358 379 -13.721   0.000 -13.721   0.000
 377 378 379 358 -10.720   0.000 -10.720   0.000
 356 357 358 385 -16.985   0.000 -16.985   0.000
 383 384 385 358  13.696   0.000  13.696   0.000
 363 364 365 372   3.666   0.000   3.666   0.000
 370 371 372 365  -3.486   0.000  -3.486   0.000
 363 364 365 379   7.609   0.000   7.609   0.000
 377 378 379 365  -6.958   0.000  -6.958   0.000
 363 364 365 385  10.925   0.000  10.925   0.000
 383 384 385 365  10.267   0.000  10.267   0.000
 363 364 365 392  13.523   0.000  13.523   0.000
 390 391 392 365 -11.529   0.000 -11.529   0.000
 370 371 372 379   3.850   0.000   3.850   0.000
 377 378 379 372  -3.717   0.000  -3.717   0.000
 370 371 372 385   7.103   0.000   7.103   0.000
 383 384 385 372   6.976   0.000   6.976   0.000
 370 371 372 392   9.841   0.000   9.841   0.000
 390 391 392 372  -9.109   0.000  -9.109   0.000
 370 371 372 398  12.794   0.000  12.794   0.000
 396 397 398 372   9.559   0.000   9.559   0.000
 370 371 372 404  15.243   0.000  15.243   0.000
 402 403 404 372  14.658   0.000  14.658   0.000
 377 378 379 385   3.144   0.000   3.144   0.000
 383 384 385 379   3.156   0.000   3.156   0.000
 377 378 379 392   6.092   0.000   6.092   0.000
 390 391 392 379  -5.965   0.000  -5.965   0.000
 377 378 379 398   9.176   0.000   9.176   0.000
 396 397 398 379   7.590   0.000   7.590   0.000
 377 378 379 404  12.050   0.000  12.050   0.000
 402 403 404 379  11.991   0.000  11.991   0.000
 377 378 379 411  14.886   0.000  14.886   0.000
 409 410 411 379 -12.042   0.000 -12.042   0.000
 383 384 385 392  -3.279   0.000  -3.279   0.000
 390 391 392 385  -3.323   0.000  -3.323   0.000
 383 384 385 398  -6.243   0.000  -6.243   0.000
 396 397 398 385   5.932   0.000   5.932   0.000
 383 384 385 404  -9.193   0.000  -9.193   0.000
 402 403 404 385   9.582   0.000   9.582   0.000
 383 384 385 411 -11.943   0.000 -11.943   0.000
 409 410 411 385 -10.125   0.000 -10.125   0.000
 390 391 392 398   3.117   0.000   3.117   0.000
 396 397 398 392   2.760   0.000   2.760   0.000
 390 391 392 404   6.804   0.000   6.804   0.000
 402 403 404 392   6.992   0.000   6.992   0.000
 390 391 392 411  10.188   0.000  10.188   0.000
 409 410 411 392  -9.089   0.000  -9.089   0.000
 390 391 392 417  19.591   0.000  19.591   0.000
 415 416 417 392  13.914   0.000  13.914   0.000
 396 397 398 404  -4.109   0.000  -4.109   0.000
 402 403 404 398   3.659   0.000   3.659   0.000
 396 397 398 411  -7.705   0.000  -7.705   0.000
 409 410 411 398  -5.988   0.000  -5.988   0.000
 396 397 398 417 -14.936   0.000 -14.936   0.000
 415 416 417 398  12.493   0.000  12.493   0.000
 396 397 398 424  -9.325   0.000  -9.325   0.000
 422 423 424 398  -8.691   0.000  -8.691   0.000
 396 397 398 430 -10.995   0.000 -10.995   0.000
 428 429 430 398   9.632   0.000   9.632   0.000
 402 403 404 411  -3.662   0.000  -3.662   0.000
 409 410 411 404  -3.257   0.000  -3.257   0.000
 402 403 404 417 -11.556   0.000 -11.556   0.000
 415 416 417 404   9.464   0.000   9.464   0.000
 402 403 404 424  -6.418   0.000  -6.418   0.000
 422 423 424 404  -6.375   0.000  -6.375   0.000
 402 403 404 430  -9.081   0.000  -9.081   0.000
 428 429 430 404   8.683   0.000   8.683   0.000
 402 403 404 437 -10.664   0.000 -10.664   0.000
 435 436 437 404 -12.548   0.000 -12.548   0.000
 402 403 404 444 -13.165   0.000 -13.165   0.000
 442 443 444 404 -14.049   0.000 -14.049   0.000
 409 410 411 417   4.819   0.000   4.819   0.000
 415 416 417 411   7.435   0.000   7.435   0.000
 409 410 411 424   3.736   0.000   3.736   0.000
 422 423 424 411  -3.480   0.000  -3.480   0.000
 409 410 411 430   6.896   0.000   6.896   0.000
 428 429 430 411   6.753   0.000   6.753   0.000
 409 410 411 437   9.774   0.000   9.774   0.000
 435 436 437 411  -9.485   0.000  -9.485   0.000
 409 410 411 444  12.341   0.000  12.341   0.000
 442 443 444 411 -11.310   0.000 -11.310   0.000
 415 416 417 424   8.297   0.000   8.297   0.000
 422 423 424 417   2.026   0.000   2.026   0.000
 415 416 417 430   8.411   0.000   8.411   0.000
 428 429 430 417   7.255   0.000   7.255   0.000
 415 416 417 437  10.681   0.000  10.681   0.000
 435 436 437 417  -3.143   0.000  -3.143   0.000
 415 416 417 444  10.332   0.000  10.332   0.000
 442 443 444 417  -2.680   0.000  -2.680   0.000
 422 423 424 430   3.081   0.000   3.081   0.000
 428 429 430 424   2.855   0.000   2.855   0.000
 422 423 424 437   6.424   0.000   6.424   0.000
 435 436 437 424  -6.149   0.000  -6.149   0.000
 422 423 424 444   9.330   0.000   9.330   0.000
 442 443 444 424  -8.871   0.000  -8.871   0.000
 422 423 424 450  16.371   0.000  16.371   0.000
 448 449 450 424  16.378   0.000  16.378   0.000
 428 429 430 437  -3.444   0.000  -3.444   0.000
 435 436 437 430  -3.111   0.000  -3.111   0.000
 428 429 430 444  -5.232   0.000  -5.232   0.000
 442 443 444 430  -6.255   0.000  -6.255   0.000
 428 429 430 450 -11.120   0.000 -11.120   0.000
 448 449 450 430  13.282   0.000  13.282   0.000
 428 429 430 456 -14.467   0.000 -14.467   0.000
 454 455 456 430  16.216   0.000  16.216   0.000
 435 436 437 444   2.953   0.000   2.953   0.000
 442 443 444 437  -3.282   0.000  -3.282   0.000
 435 436 437 450  10.148   0.000  10.148   0.000
 448 449 450 437   9.903   0.000   9.903   0.000
 435 436 437 456  13.764   0.000  13.764   0.000
 454 455 456 437  13.873   0.000  13.873   0.000
 435 436 437 462  16.191   0.000  16.191   0.000
 460 461 462 437  14.292   0.000  14.292   0.000
 442 443 444 450   5.993   0.000   5.993   0.000
 448 449 450 444   7.041   0.000   7.041   0.000
 442 443 444 456   9.166   0.000   9.166   0.000
 454 455 456 444  11.940   0.000  11.940   0.000
 442 443 444 462  10.740   0.000  10.740   0.000
 460 461 462 444  13.442   0.000  13.442   0.000
 448 449 450 456  -3.682   0.000  -3.682   0.000
 454 455 456 450   3.643   0.000   3.643   0.000
 448 449 450 462  -6.273   0.000  -6.273   0.000
 460 461 462 450   6.581   0.000   6.581   0.000
 448 449 450 468  -8.435   0.000  -8.435   0.000
 466 467 468 450   8.822   0.000   8.822   0.000
 448 449 450 474  -9.138   0.000  -9.138   0.000
 472 473 474 450  10.188   0.000  10.188   0.000
 448 449 450 481  -8.253   0.000  -8.253   0.000
 479 480 481 450 -14.798   0.000 -14.798   0.000
 454 455 456 462  -3.278   0.000  -3.278   0.000
 460 461 462 456   3.460   0.000   3.460   0.000
 454 455 456 468  -6.493   0.000  -6.493   0.000
 466 467 468 456   6.739   0.000   6.739   0.000
 454 455 456 474  -8.116   0.000  -8.116   0.000
 472 473 474 456   8.955   0.000   8.955   0.000
 454 455 456 481  -7.672   0.000  -7.672   0.000
 479 480 481 456 -12.249   0.000 -12.249   0.000
 454 455 456 488  -8.120   0.000  -8.120   0.000
 486 487 488 456 -15.779   0.000 -15.779   0.000
 460 461 462 468  -3.423   0.000  -3.423   0.000
 466 467 468 462   3.513   0.000   3.513   0.000
 460 461 462 474  -6.294   0.000  -6.294   0.000
 472 473 474 462   6.361   0.000   6.361   0.000
 460 461 462 481  -8.033   0.000  -8.033   0.000
 479 480 481 462  -9.155   0.000  -9.155   0.000
 460 461 462 488 -10.028   0.000 -10.028   0.000
 486 487 488 462 -13.256   0.000 -13.256   0.000
 460 461 462 494 -11.130   0.000 -11.130   0.000
 492 493 494 462  14.958   0.000  14.958   0.000
 466 467 468 474  -3.408   0.000  -3.408   0.000
 472 473 474 468   3.584   0.000   3.584   0.000
 466 467 468 481  -5.948   0.000  -5.948   0.000
 479 480 481 468  -6.213   0.000  -6.213   0.000
 466 467 468 488  -8.205   0.000  -8.205   0.000
 486 487 488 468 -10.842   0.000 -10.842   0.000
 466 467 468 494 -10.250   0.000 -10.250   0.000
 492 493 494 468  14.621   0.000  14.621   0.000
 472 473 474 481  -3.758   0.000  -3.758   0.000
 479 480 481 474  -2.999   0.000  -2.999   0.000
 472 473 474 488  -6.809   0.000  -6.809   0.000
 486 487 488 474  -7.413   0.000  -7.413   0.000
 472 473 474 494  -9.814   0.000  -9.814   0.000
 492 493 494 474  12.056   0.000  12.056   0.000
 472 473 474 500 -12.534   0.000 -12.534   0.000
 498 499 500 474  15.004   0.000  15.004   0.000
 479 480 481 488   2.884   0.000   2.884   0.000
 486 487 488 481  -3.421   0.000  -3.421   0.000
 479 480 481 494   4.950   0.000   4.950   0.000
 492 493 494 481   7.291   0.000   7.291   0.000
 479 480 481 500   7.857   0.000   7.857   0.000
 498 499 500 481  10.590   0.000  10.590   0.000
 486 487 488 494   2.960   0.000   2.960   0.000
 492 493 494 488   3.534   0.000   3.534   0.000
 486 487 488 500   6.221   0.000   6.221   0.000
 498 499 500 488   6.820   0.000   6.820   0.000
 492 493 494 500  -3.543   0.000  -3.543   0.000
 498 499 500 494   3.738   0.000   3.738   0.000
