   6  13  -2.529   4.272   4.521   3.017   0.993   0.823   0.677  -0.973     0.003   0.997  -0.932     0.017   0.997  -2.204
   6  19  -2.529   8.324   4.521   3.017   0.204  -0.720   0.518  -0.966     0.005   0.995   0.875     0.055   0.995  -0.373
  13  19  -2.529   4.157   4.521   3.017   0.986  -0.911   0.830  -0.869     0.060   0.940   0.898     0.037   0.940  -2.190
  13  25  -2.529   8.346   4.521   3.017   0.200  -0.740   0.547  -0.804     0.125   0.875   0.905     0.032   0.875  -0.341
  19  25  -2.529   4.857   4.521   3.017   0.988   0.928   0.860   0.896     0.039   0.961   0.968     0.004   0.961  -2.345
  19  32  -3.855   9.070   4.324   3.397   0.142  -0.978   0.957   0.789     0.142   0.858  -0.717     0.236   0.858  -0.358
  25  32  -3.855   5.143   4.324   3.397   0.944  -0.862   0.743   0.776     0.159   0.841  -0.518     0.535   0.841  -1.329
  25  45  -3.855   9.522   4.324   3.397   0.096  -0.862   0.742   0.842     0.084   0.916  -0.696     0.265   0.916  -0.233
  25 500  -2.529   9.067   4.521   3.017   0.103  -0.845   0.714  -0.606     0.401   0.599   0.892     0.042   0.599  -0.138
  32  45  -1.584   4.477   4.953   3.992   0.986   0.991   0.983  -0.739     0.206   0.794  -0.796     0.134   0.794  -1.073
  32  52  -1.584   8.476   4.953   3.992   0.459   0.976   0.952  -0.719     0.233   0.767  -0.800     0.129   0.767  -0.485
  32 481  -1.584   5.549   4.953   3.992   0.978  -0.937   0.878   0.553     0.481   0.519  -0.631     0.361   0.519  -0.506
  32 488  -3.855   6.658   4.324   3.397   0.624  -0.883   0.779   0.916     0.026   0.974  -0.871     0.058   0.974  -2.099
  32 494  -3.855   8.712   4.324   3.397   0.189   0.696   0.484   0.825     0.102   0.898   0.878     0.052   0.898  -0.454
  45  52  -1.584   4.404   4.953   3.992   0.981   0.992   0.984  -0.730     0.218   0.782  -0.768     0.168   0.782  -1.010
  45  59  -3.855   8.140   4.324   3.397   0.283   0.960   0.922  -0.764     0.173   0.827  -0.826     0.101   0.827  -0.806
  45 481  -1.584   6.626   4.953   3.992   0.839  -0.936   0.877   0.920     0.024   0.976  -0.906     0.032   0.976  -1.237
  45 488  -3.855   9.501   4.324   3.397   0.098  -0.923   0.852   0.999     0.000   1.000  -0.935     0.016   1.000  -0.363
  52  59  -3.855   4.060   4.324   3.397   0.994   0.985   0.970  -0.817     0.111   0.889  -0.866     0.062   0.889  -3.192
  52  66  -3.855   8.074   4.324   3.397   0.296   0.919   0.845  -0.810     0.118   0.882  -0.825     0.102   0.882  -0.881
  52 474  -3.855   7.110   4.324   3.397   0.510   0.861   0.742   0.820     0.107   0.893   0.563     0.467   0.893  -0.875
  52 481  -1.584   9.332   4.953   3.992   0.300  -0.963   0.928   0.998     0.000   1.000  -0.951     0.009   1.000  -0.469
  59  66  -2.529   4.146   4.521   3.017   0.985   0.961   0.923  -0.870     0.059   0.941  -0.862     0.066   0.941  -2.176
  59  73  -2.529   7.660   4.521   3.017   0.339   0.897   0.804  -0.807     0.122   0.878  -0.913     0.028   0.878  -0.704
  59  80  -3.855  10.564   4.324   3.397   0.034   0.843   0.711  -0.774     0.160   0.840  -0.961     0.006   0.840  -0.101
  59 468  -2.529   7.545   4.521   3.017   0.366   0.892   0.796   0.794     0.137   0.863   0.572     0.453   0.863  -0.419
  59 474  -2.529   9.698   4.521   3.017   0.053   0.912   0.832   0.973     0.003   0.997   0.829     0.098   0.997  -0.116
  66  73  -2.529   3.880   4.521   3.017   0.956   0.983   0.967  -0.815     0.112   0.888  -0.898     0.038   0.888  -2.063
  66  80  -3.855   7.262   4.324   3.397   0.473   0.959   0.920  -0.816     0.112   0.888  -0.943     0.012   0.888  -1.591
  66 462  -2.529   7.882   4.521   3.017   0.289   0.988   0.976   0.804     0.126   0.874   0.726     0.223   0.874  -0.496
  73  80  -3.855   3.656   4.324   3.397   0.962   0.993   0.987  -0.850     0.077   0.923  -0.905     0.033   0.923  -3.309
  73  86  -3.855   7.459   4.324   3.397   0.427  -0.956   0.914  -0.884     0.048   0.952   0.932     0.017   0.952  -1.527
  73 456  -2.529   8.070   4.521   3.017   0.251   0.910   0.828   0.657     0.324   0.676   0.485     0.585   0.676  -0.173
  80  86  -1.584   3.829   4.953   3.992   0.924  -0.973   0.947  -0.951     0.009   0.991   0.935     0.016   0.991  -1.423
  80 450  -3.855   7.932   4.324   3.397   0.324   0.829   0.688   0.587     0.429   0.571   0.462     0.618   0.571  -0.245
  80 456  -3.855  10.212   4.324   3.397   0.050   0.952   0.906   0.817     0.111   0.889   0.738     0.207   0.889  -0.134
  86 424  -3.855  10.236   4.324   3.397   0.048   0.903   0.816   0.692     0.271   0.729   0.926     0.020   0.729  -0.129
  86 450  -3.855   9.962   4.324   3.397   0.064  -0.917   0.841  -0.885     0.047   0.953   0.713     0.242   0.953  -0.173
  92 417  -1.584   4.571   4.953   3.992   0.991  -0.614   0.376  -0.895     0.039   0.961   0.433     0.660   0.961  -0.314
  99 105  -1.584   4.450   4.953   3.992   0.984  -0.946   0.895  -0.908     0.031   0.969   0.777     0.157   0.969  -1.259
  99 111  -1.584   8.521   4.953   3.992   0.450  -0.817   0.667  -0.931     0.018   0.982   0.729     0.219   0.982  -0.486
 105 111  -1.584   4.994   4.953   3.992   1.000   0.905   0.820   0.930     0.018   0.982   0.797     0.133   0.982  -1.304
 105 118  -1.584   9.297   4.953   3.992   0.306  -0.751   0.564   0.819     0.109   0.891  -0.746     0.197   0.891  -0.281
 111 118  -1.584   5.113   4.953   3.992   0.998  -0.959   0.920   0.760     0.178   0.822  -0.763     0.174   0.822  -1.066
 111 124  -1.584   8.999   4.953   3.992   0.358   0.813   0.662   0.839     0.087   0.913   0.851     0.076   0.913  -0.423
 118 124  -1.584   3.995   4.953   3.992   0.944  -0.937   0.877  -0.920     0.023   0.977   0.892     0.041   0.977  -1.379
 118 130  -1.584   8.338   4.953   3.992   0.487  -0.914   0.836  -0.813     0.115   0.885   0.856     0.072   0.885  -0.617
 118 437  -1.584   5.992   4.953   3.992   0.934  -0.948   0.899   0.410     0.693   0.307  -0.570     0.456   0.307  -0.245
 118 444  -3.855   7.638   4.324   3.397   0.386  -0.993   0.986   0.838     0.088   0.912  -0.892     0.042   0.912  -1.299
 124 130  -1.584   5.151   4.953   3.992   0.998   0.969   0.939   0.842     0.085   0.915   0.784     0.149   0.915  -1.227
 124 136  -1.584   9.453   4.953   3.992   0.281   0.782   0.612   0.917     0.025   0.975   0.725     0.225   0.975  -0.285
 124 437  -1.584   7.560   4.953   3.992   0.653   0.882   0.778  -0.570     0.456   0.544  -0.848     0.079   0.544  -0.493
 124 444  -3.855  10.533   4.324   3.397   0.035   0.891   0.793  -0.803     0.126   0.874  -0.985     0.001   0.874  -0.114
 130 136  -1.584   4.755   4.953   3.992   0.998   0.907   0.823   0.973     0.003   0.997   0.902     0.035   0.997  -1.473
 130 142  -1.584   9.378   4.953   3.992   0.293   0.787   0.619   0.896     0.039   0.961   0.803     0.126   0.961  -0.333
 130 430  -3.855   7.332   4.324   3.397   0.457  -0.873   0.762  -0.612     0.391   0.609   0.352     0.768   0.609  -0.234
 130 437  -1.584   9.315   4.953   3.992   0.303   0.940   0.883  -0.938     0.014   0.986  -0.981     0.001   0.986  -0.466
 136 142  -1.584   5.030   4.953   3.992   1.000   0.949   0.901   0.914     0.027   0.973   0.805     0.124   0.973  -1.337
 136 148  -1.584   9.986   4.953   3.992   0.204   0.821   0.675   0.893     0.041   0.959   0.658     0.321   0.959  -0.188
 136 424  -3.855   8.662   4.324   3.397   0.196   0.964   0.930  -0.636     0.355   0.645  -0.802     0.128   0.645  -0.422
 136 430  -3.855  10.394   4.324   3.397   0.041  -0.907   0.823  -0.913     0.028   0.972   0.684     0.283   0.972  -0.107
 142 148  -1.584   5.177   4.953   3.992   0.997   0.952   0.907   0.847     0.080   0.920   0.700     0.261   0.920  -1.064
 142 155  -1.584   9.117   4.953   3.992   0.337  -0.792   0.628   0.898     0.037   0.963  -0.632     0.361   0.963  -0.283
 142 404  -3.855   6.517   4.324   3.397   0.659  -0.941   0.885  -0.252     0.877   0.123   0.444     0.645   0.123  -0.110
 142 411  -1.584   8.692   4.953   3.992   0.416   0.969   0.939  -0.736     0.210   0.790  -0.795     0.136   0.790  -0.448
 148 155  -1.584   4.991   4.953   3.992   1.000  -0.916   0.840   0.889     0.044   0.956  -0.776     0.158   0.956  -1.243
 148 161  -1.584   9.435   4.953   3.992   0.283   0.801   0.642   0.913     0.028   0.972   0.865     0.063   0.972  -0.356
 148 404  -3.855   7.130   4.324   3.397   0.505  -0.995   0.990  -0.829     0.098   0.902   0.873     0.057   0.902  -1.657
 148 411  -1.584  11.255   4.953   3.992   0.083   0.883   0.781  -0.941     0.013   0.987  -0.973     0.003   0.987  -0.123
 155 161  -1.584   4.460   4.953   3.992   0.985  -0.901   0.811  -0.825     0.102   0.898   0.862     0.066   0.898  -1.261
 155 168  -1.584   7.636   4.953   3.992   0.637  -0.895   0.801  -0.883     0.048   0.952   0.873     0.056   0.952  -0.869
 155 392  -3.855   7.000   4.324   3.397   0.538  -0.979   0.958   0.505     0.555   0.445  -0.349     0.771   0.445  -0.211
 155 398  -3.855   8.384   4.324   3.397   0.240   0.825   0.680   0.846     0.081   0.919   0.449     0.638   0.919  -0.276
 155 404  -3.855  10.523   4.324   3.397   0.036   0.947   0.897   0.957     0.007   0.993   0.996     0.000   0.993  -0.136
 161 168  -1.584   4.562   4.953   3.992   0.990   0.871   0.759   0.829     0.098   0.902   0.903     0.034   0.902  -1.288
 161 174  -1.584  10.430   4.953   3.992   0.152   0.868   0.753   0.892     0.042   0.958   0.836     0.091   0.958  -0.197
 161 392  -3.855   8.728   4.324   3.397   0.186   0.946   0.894  -0.508     0.551   0.449  -0.749     0.192   0.449  -0.258
 168 174  -1.584   6.053   4.953   3.992   0.927   0.999   0.998   0.795     0.135   0.865   0.774     0.160   0.865  -1.067
 168 181  -1.584   9.938   4.953   3.992   0.210  -0.895   0.801   0.932     0.017   0.983  -0.673     0.299   0.983  -0.221
 168 385  -1.584   8.309   4.953   3.992   0.493  -0.942   0.888  -0.638     0.352   0.648   0.776     0.159   0.648  -0.421
 168 392  -3.855  10.616   4.324   3.397   0.032   0.838   0.702  -0.878     0.053   0.947  -0.899     0.037   0.947  -0.104
 174 181  -1.584   6.215   4.953   3.992   0.905  -0.910   0.828   0.714     0.240   0.760  -0.450     0.635   0.760  -0.385
 174 188  -1.584   9.727   4.953   3.992   0.239  -0.977   0.954   0.840     0.087   0.913  -0.860     0.068   0.913  -0.322
 174 372  -3.855   6.648   4.324   3.397   0.626   0.921   0.849  -0.273     0.857   0.143  -0.452     0.634   0.143  -0.124
 174 379  -1.584   7.866   4.953   3.992   0.587   0.918   0.842  -0.763     0.174   0.826  -0.933     0.017   0.826  -0.736
 174 385  -1.584  10.759   4.953   3.992   0.121  -0.953   0.908  -0.953     0.008   0.992   0.994     0.000   0.992  -0.188
 181 188  -1.584   3.907   4.953   3.992   0.934   0.940   0.883  -0.864     0.064   0.936  -0.983     0.001   0.936  -1.364
 181 339  -1.584   7.734   4.953   3.992   0.615  -0.906   0.820  -0.940     0.014   0.986   0.888     0.045   0.986  -0.889
 181 365  -1.584   5.414   4.953   3.992   0.987  -0.944   0.892   0.798     0.132   0.868  -0.567     0.461   0.868  -0.723
 181 372  -3.855   6.892   4.324   3.397   0.565  -0.973   0.946   0.997     0.000   1.000  -0.987     0.001   1.000  -2.169
 181 379  -1.584  10.849   4.953   3.992   0.113  -0.995   0.990   0.952     0.009   0.991  -0.973     0.003   0.991  -0.177
 188 195  -1.584   7.336   4.953   3.992   0.700   0.998   0.997  -0.504     0.557   0.443  -0.452     0.632   0.443  -0.181
 188 202  -1.584  10.674   4.953   3.992   0.128   0.979   0.958  -0.651     0.332   0.668  -0.777     0.157   0.668  -0.114
 188 332  -3.855   8.090   4.324   3.397   0.293   0.915   0.838  -0.820     0.107   0.893  -0.650     0.334   0.893  -0.653
 188 339  -1.584   5.190   4.953   3.992   0.996  -0.983   0.965  -0.545     0.494   0.506   0.583     0.436   0.506  -0.450
 188 365  -1.584   7.813   4.953   3.992   0.599  -0.983   0.967   0.873     0.057   0.943  -0.875     0.055   0.943  -0.844
 188 372  -3.855  10.508   4.324   3.397   0.036  -0.978   0.956   0.989     0.000   1.000  -0.997     0.000   1.000  -0.140
 195 202  -1.584   3.738   4.953   3.992   0.912   0.967   0.934  -0.842     0.085   0.915  -0.951     0.009   0.915  -1.303
 195 209  -1.584   8.186   4.953   3.992   0.519   0.954   0.910  -0.704     0.255   0.745  -0.841     0.086   0.745  -0.556
 195 216  -1.584  10.682   4.953   3.992   0.128   0.993   0.987  -0.889     0.044   0.956  -0.935     0.016   0.956  -0.190
 195 325  -1.584   9.088   4.953   3.992   0.342   0.968   0.937  -0.811     0.117   0.883  -0.762     0.176   0.883  -0.393
 195 332  -3.855   6.694   4.324   3.397   0.615   0.937   0.879  -0.475     0.599   0.401  -0.661     0.317   0.401  -0.639
 195 352  -3.855   4.420   4.324   3.397   0.999  -0.987   0.974   0.711     0.245   0.755  -0.718     0.235   0.755  -2.224
 195 358  -3.855   7.291   4.324   3.397   0.466   0.905   0.819   0.948     0.010   0.990   0.750     0.191   0.990  -1.391
 195 365  -1.584  10.816   4.953   3.992   0.116  -0.983   0.966   0.957     0.007   0.993  -0.954     0.008   0.993  -0.180
 202 209  -1.584   4.612   4.953   3.992   0.993   0.988   0.976  -0.758     0.181   0.819  -0.740     0.205   0.819  -1.024
 202 216  -1.584   7.038   4.953   3.992   0.761   0.990   0.979  -0.974     0.003   0.997  -0.943     0.012   0.997  -1.187
 202 222  -1.584  11.038   4.953   3.992   0.098  -0.873   0.762  -0.938     0.014   0.986   0.871     0.058   0.986  -0.136
 202 325  -1.584   7.189   4.953   3.992   0.731   0.872   0.761  -0.508     0.551   0.449  -0.608     0.397   0.449  -0.295
 202 352  -3.855   6.909   4.324   3.397   0.560  -0.985   0.970   0.890     0.043   0.957  -0.948     0.010   0.957  -2.044
 202 358  -3.855  10.218   4.324   3.397   0.049   0.983   0.967   0.958     0.007   0.993   0.896     0.039   0.993  -0.181
 209 216  -1.584   4.142   4.953   3.992   0.960   0.979   0.958  -0.856     0.071   0.929  -0.871     0.058   0.929  -1.327
 209 222  -1.584   8.312   4.953   3.992   0.493  -0.897   0.805  -0.891     0.043   0.957   0.954     0.008   0.957  -0.713
 209 352  -3.855  10.299   4.324   3.397   0.045  -0.955   0.913   0.877     0.053   0.947  -0.934     0.016   0.947  -0.162
 216 222  -1.584   4.372   4.953   3.992   0.979  -0.927   0.860  -0.811     0.117   0.883   0.876     0.054   0.883  -1.271
 216 229  -1.584   8.454   4.953   3.992   0.463   0.974   0.949  -0.823     0.104   0.896  -0.722     0.229   0.896  -0.506
 222 229  -1.584   5.401   4.953   3.992   0.988  -0.845   0.715   0.817     0.111   0.889  -0.596     0.416   0.889  -0.746
 222 235  -1.584   9.849   4.953   3.992   0.222   0.704   0.496   0.930     0.018   0.982   0.770     0.166   0.982  -0.215
 222 325  -1.584   7.746   4.953   3.992   0.613  -0.964   0.929  -0.511     0.546   0.454   0.544     0.496   0.454  -0.221
 229 235  -1.584   4.809   4.953   3.992   0.999  -0.909   0.827  -0.885     0.047   0.953   0.803     0.126   0.953  -1.278
 229 241  -1.584   9.601   4.953   3.992   0.258  -0.846   0.715  -0.811     0.117   0.883   0.944     0.012   0.883  -0.327
 229 313  -1.584   5.693   4.953   3.992   0.966  -0.999   0.999   0.558     0.475   0.525  -0.530     0.517   0.525  -0.389
 229 319  -3.855   7.300   4.324   3.397   0.464   0.787   0.619   0.910     0.030   0.970   0.492     0.574   0.970  -0.633
 229 325  -1.584   9.717   4.953   3.992   0.241   0.908   0.824   0.999     0.000   1.000   0.916     0.026   1.000  -0.360
 235 241  -1.584   5.594   4.953   3.992   0.975   0.987   0.974   0.869     0.060   0.940   0.937     0.015   0.940  -1.428
 235 247  -1.584  10.206   4.953   3.992   0.177   0.969   0.938   0.896     0.039   0.961   0.797     0.133   0.961  -0.233
 235 313  -1.584   8.287   4.953   3.992   0.498   0.913   0.834  -0.637     0.353   0.647  -0.887     0.045   0.647  -0.474
 241 247  -1.584   4.818   4.953   3.992   0.999   0.921   0.848   0.927     0.020   0.980   0.837     0.089   0.980  -1.379
 241 254  -1.584   7.972   4.953   3.992   0.564  -0.763   0.581   0.809     0.120   0.880  -0.831     0.096   0.880  -0.587
 241 306  -1.584   7.776   4.953   3.992   0.606  -0.979   0.959  -0.546     0.493   0.507   0.679     0.290   0.507  -0.345
 241 313  -1.584  11.004   4.953   3.992   0.101   0.855   0.730  -0.870     0.059   0.941  -0.999     0.000   0.941  -0.139
 247 254  -1.584   4.551   4.953   3.992   0.990  -0.940   0.884   0.742     0.202   0.798  -0.820     0.108   0.798  -1.102
 247 261  -1.584   6.524   4.953   3.992   0.857  -0.528   0.278   0.853     0.075   0.925  -0.809     0.120   0.925  -0.530
 247 300  -1.584   7.182   4.953   3.992   0.732   0.960   0.922  -0.747     0.195   0.805  -0.901     0.036   0.805  -0.895
 247 306  -1.584  10.102   4.953   3.992   0.189  -0.977   0.954  -0.949     0.010   0.990   0.941     0.013   0.990  -0.293
 254 261  -1.584   4.336   4.953   3.992   0.976   0.686   0.471  -0.607     0.399   0.601  -0.977     0.002   0.601  -0.669
 254 267  -1.584   8.722   4.953   3.992   0.410   0.791   0.625  -0.849     0.078   0.922  -0.606     0.400   0.922  -0.309
 254 293  -1.584   7.636   4.953   3.992   0.637  -0.972   0.945   0.784     0.149   0.851  -0.839     0.088   0.851  -0.781
 254 300  -1.584   9.700   4.953   3.992   0.243  -0.960   0.923   0.983     0.001   0.999  -0.971     0.003   0.999  -0.381
 280 286  -1.584   5.654   4.953   3.992   0.970  -0.598   0.357   0.635     0.357   0.643  -0.817     0.110   0.643  -0.516
 293 300  -1.584   4.667   4.953   3.992   0.995   0.998   0.996  -0.673     0.299   0.701  -0.684     0.283   0.701  -0.793
 293 306  -1.584   9.303   4.953   3.992   0.305  -0.937   0.878  -0.724     0.226   0.774   0.783     0.150   0.774  -0.313
 300 306  -1.584   4.664   4.953   3.992   0.995  -0.957   0.917  -0.776     0.158   0.842   0.808     0.120   0.842  -1.159
 300 313  -1.584   9.117   4.953   3.992   0.337   0.991   0.982  -0.855     0.072   0.928  -0.788     0.143   0.928  -0.424
 306 313  -1.584   5.477   4.953   3.992   0.983  -0.925   0.856   0.908     0.031   0.969  -0.727     0.222   0.969  -1.149
 306 319  -3.855   9.727   4.324   3.397   0.080   0.894   0.800   0.939     0.014   0.986   0.953     0.009   0.986  -0.288
 313 319  -3.855   4.299   4.324   3.397   1.000  -0.807   0.650  -0.814     0.114   0.886   0.933     0.017   0.886  -2.949
 313 325  -1.584   8.076   4.953   3.992   0.542  -0.923   0.852  -0.829     0.098   0.902   0.942     0.013   0.902  -0.748
 319 325  -3.855   4.441   4.324   3.397   0.999   0.922   0.849   0.912     0.028   0.972   0.931     0.018   0.972  -3.591
 319 332  -2.529   7.841   4.521   3.017   0.298   0.880   0.774   0.813     0.115   0.885   0.947     0.011   0.885  -0.626
 325 332  -3.855   4.821   4.324   3.397   0.979   0.983   0.966   0.721     0.231   0.769   0.653     0.329   0.769  -1.944
 332 339  -3.855   6.424   4.324   3.397   0.682  -0.864   0.747   0.225     0.902   0.098  -0.678     0.292   0.098  -0.171
 332 345  -3.855   5.107   4.324   3.397   0.948   0.757   0.574   0.814     0.113   0.887   0.465     0.615   0.887  -1.022
 332 352  -2.529   7.926   4.521   3.017   0.280  -0.872   0.760   0.952     0.009   0.991  -0.690     0.274   0.991  -0.480
 352 358  -2.529   3.923   4.521   3.017   0.961  -0.941   0.885  -0.918     0.024   0.976   0.874     0.056   0.976  -2.211
 352 365  -3.855   8.717   4.324   3.397   0.188   0.966   0.933  -0.862     0.066   0.934  -0.895     0.040   0.934  -0.646
 358 365  -3.855   5.838   4.324   3.397   0.820  -0.938   0.880   0.877     0.054   0.946  -0.674     0.298   0.946  -2.071
 365 372  -3.855   4.463   4.324   3.397   0.998   0.995   0.989  -0.803     0.126   0.874  -0.737     0.209   0.874  -2.658
 365 379  -1.584   8.908   4.953   3.992   0.375   0.972   0.945  -0.865     0.064   0.936  -0.734     0.212   0.936  -0.437
 372 379  -3.855   4.572   4.324   3.397   0.995   0.991   0.982  -0.860     0.068   0.932  -0.803     0.126   0.932  -3.121
 372 385  -3.855   9.567   4.324   3.397   0.092  -0.973   0.946  -0.801     0.129   0.871   0.749     0.193   0.871  -0.250
 379 385  -1.584   5.045   4.953   3.992   0.999  -0.990   0.980  -0.667     0.308   0.692   0.685     0.282   0.692  -0.786
 379 392  -3.855   8.414   4.324   3.397   0.235   0.940   0.884  -0.809     0.119   0.881  -0.743     0.200   0.881  -0.629
 385 392  -3.855   4.676   4.324   3.397   0.989  -0.956   0.914   0.823     0.104   0.896  -0.854     0.073   0.896  -3.145
 385 398  -3.855   8.517   4.324   3.397   0.218   0.776   0.602   0.870     0.059   0.941   0.880     0.051   0.941  -0.631
 392 398  -2.529   3.902   4.521   3.017   0.959  -0.924   0.853  -0.953     0.008   0.992   0.913     0.027   0.992  -2.288
 392 404  -2.529   8.600   4.521   3.017   0.161  -0.957   0.916  -0.877     0.053   0.947   0.798     0.132   0.947  -0.332
 398 404  -2.529   5.356   4.521   3.017   0.926   0.870   0.756   0.926     0.020   0.980   0.679     0.291   0.980  -1.532
 398 411  -3.855   9.560   4.324   3.397   0.093  -0.588   0.346   0.945     0.011   0.989  -0.692     0.271   0.989  -0.148
 404 411  -3.855   4.834   4.324   3.397   0.978  -0.891   0.793   0.945     0.011   0.989  -0.908     0.031   0.989  -3.456
 404 424  -2.529   8.730   4.521   3.017   0.143  -0.862   0.743   0.845     0.082   0.918  -0.854     0.073   0.918  -0.287
 411 424  -3.855   4.292   4.324   3.397   1.000   0.985   0.969  -0.873     0.057   0.943  -0.799     0.131   0.943  -3.157
 411 430  -3.855   9.106   4.324   3.397   0.138  -0.843   0.711  -0.807     0.121   0.879   0.863     0.065   0.879  -0.400
 424 430  -2.529   4.881   4.521   3.017   0.986  -0.839   0.703  -0.634     0.358   0.642   0.816     0.111   0.642  -1.296
 424 437  -3.855   7.921   4.324   3.397   0.326   0.994   0.989  -0.813     0.115   0.885  -0.748     0.194   0.885  -0.896
 430 437  -3.855   5.165   4.324   3.397   0.941  -0.780   0.608   0.757     0.183   0.817  -0.581     0.438   0.817  -1.409
 430 444  -2.529   8.946   4.521   3.017   0.116  -0.586   0.344   0.745     0.198   0.802  -0.729     0.220   0.802  -0.105
 437 444  -3.855   4.179   4.324   3.397   0.998   0.955   0.912  -0.855     0.072   0.928  -0.899     0.037   0.928  -3.412
 437 450  -3.855  10.022   4.324   3.397   0.060  -0.990   0.981  -0.995     0.000   1.000   0.984     0.001   1.000  -0.231
 444 450  -2.529   6.516   4.521   3.017   0.646  -0.916   0.839  -0.920     0.023   0.977   0.961     0.006   0.977  -1.545
 450 456  -2.529   4.802   4.521   3.017   0.991   0.924   0.854   0.971     0.003   0.997   0.918     0.025   0.997  -2.385
 450 462  -2.529   9.008   4.521   3.017   0.110   0.739   0.546   0.893     0.041   0.959   0.782     0.151   0.959  -0.179
 456 462  -2.529   4.789   4.521   3.017   0.992   0.889   0.791   0.913     0.028   0.972   0.816     0.112   0.972  -2.072
 462 468  -2.529   5.079   4.521   3.017   0.966   0.915   0.838   0.827     0.100   0.900   0.889     0.044   0.900  -2.047
 462 474  -2.529   9.179   4.521   3.017   0.092   0.793   0.629   0.799     0.131   0.869   0.865     0.063   0.869  -0.164
 468 474  -2.529   4.674   4.521   3.017   0.997   0.941   0.886   0.911     0.029   0.971   0.942     0.013   0.971  -2.388
 468 481  -3.855   8.947   4.324   3.397   0.157  -0.917   0.841   0.732     0.215   0.785  -0.687     0.279   0.785  -0.334
 474 481  -3.855   5.317   4.324   3.397   0.918  -0.898   0.807   0.711     0.245   0.755  -0.508     0.550   0.755  -1.157
 474 488  -2.529   9.506   4.521   3.017   0.065  -0.964   0.929   0.770     0.165   0.835  -0.815     0.113   0.835  -0.122
 481 488  -3.855   4.268   4.324   3.397   1.000   0.950   0.903  -0.709     0.248   0.752  -0.886     0.046   0.752  -2.739
 481 494  -3.855   9.157   4.324   3.397   0.132  -0.642   0.412  -0.472     0.605   0.395   0.942     0.013   0.395  -0.130
 488 494  -2.529   5.287   4.521   3.017   0.938  -0.827   0.684  -0.535     0.510   0.490   0.833     0.093   0.490  -0.948
 488 500  -2.529   9.059   4.521   3.017   0.104  -0.904   0.817  -0.649     0.335   0.665   0.850     0.077   0.665  -0.156
 494 500  -2.529   4.777   4.521   3.017   0.993   0.955   0.913   0.903     0.034   0.966   0.907     0.031   0.966  -2.331
