initial_values.pth
GLOBAL PARAMETERS 
   2.6080   2.0730   1.5190   2.3550   4.1900
   4.6980   4.8240   5.6360   2.1300   1.3070
  15.2230   1.0000   2.8000   2.5050   1.8260
   3.9320   4.3090   4.7750   4.5460   2.8210
   3.8130   3.0100   0.9080   3.0000   4.0000
   2.2570   0.4800   0.5000   4.2470  10.8160
  11.1210   5.8190   0.5010   0.7300   0.3310
   0.2570   0.2240   0.2070   1.2000   1.5000
   0.4000   1.8000   0.8000 142.3060   1.0000
   0.0000   1.4830

BONDS PARAMETERS 
  30.0000   3.8000
 200.0000   2.3440
 200.0000   2.6220
 200.0000   2.6330
 200.0000   3.0620
 200.0000   3.0040
 200.0000   2.4500
 200.0000   2.1800
 200.0000   1.5200
 200.0000   1.5930
 200.0000   1.4300
  40.0000  12.0000
  10.0000  12.0000
  10.0000  12.0000
  10.0000  12.0000

ANGLES PARAMETERS 
  70.0000   2.1572
  70.0000   2.3126
  70.0000   2.1555
  70.0000   2.2881
 120.0000   2.0368
 120.0000   1.9408
  70.0000   2.1450
  70.0000   1.9303
  70.0000   1.7104
  50.0000   1.9199
  70.0000   2.3649
 100.0000   1.7104
  80.0000   3.1416

TORSIONS PARAMETERS 
   1.0000     1.00  -0.3491
   0.2000     1.00  -2.7925
   1.0000     1.00  -0.3491
   0.2000     1.00  -2.7925
   1.0000     1.00  -2.8798
   1.0000     1.00  -2.8798
   1.0000     1.00  -2.6180
   0.2000     1.00   2.6180
   1.0000     1.00  -2.6180
   1.0000     1.00  -2.6180
   0.2000     1.00   2.6180
   1.0000     1.00  -2.6180
   0.2000     1.00   2.6180
   1.0000     1.00   1.7453
   1.0000     1.00   1.7453
   1.0000     1.00   1.7453
   1.0000     1.00   1.7453
   1.2000     1.00   0.3491
   1.2000     1.00   2.7925
   1.0000     3.00   1.5708
   1.0000     1.00   2.6180
   0.3300     1.00   0.0000
   0.1250     2.00  -3.1416
   0.8300     3.00   0.0000
   1.0000     2.00   0.0000
