GLOBAL PARAMETERS 
   0.3660   3.1985   3.1417   6.6750   5.8524
   3.7499   4.0639   4.9805   2.2039   0.0272
  15.2230   1.0000   2.8000   2.5050   1.8260
   3.9320   4.3090   4.7750   4.5460   2.8210
   3.8130   3.0100   0.9080   3.0000   4.0000
   2.2570   0.4800   0.5000  40.6182  99.0974
 114.1626  53.0319   2.6888   4.9090   4.6441
   5.3023   4.3978   3.5516   1.2000   1.5000
   0.4000   1.8000   0.8000 142.3060   1.0000
   0.0000   1.5365

BONDS PARAMETERS 
  52.0930   3.7993
 258.6097   2.3440
 216.5296   2.6220
 203.2071   2.6330
 235.7521   3.0620
 216.5913   3.0040
 182.3350   2.4500
 223.6981   2.1798
 312.4549   1.5075
 362.4612   1.5577
 241.1796   1.4349
 100.0000  12.0000
 100.0000  12.0000
 100.0000  12.0000
 100.0000  12.0000

ANGLES PARAMETERS 
  26.3016   2.1573
  14.5687   2.3126
  16.1904   2.1556
  15.5149   2.2882
  18.8728   2.0369
  32.3948   1.9430
  52.9501   2.1450
  26.4447   1.9301
   0.5883   1.7108
   2.3402   1.9231
   3.3934   2.3648
  10.6918   1.7109
  10.0000   3.1416

TORSIONS PARAMETERS 
   4.6782     1.00  -0.3389
  10.3330     1.00  -2.7925
   3.0431     1.00  -0.3433
   7.3898     1.00  -2.7925
   3.3890     1.00  -2.8799
   0.4497     1.00  -2.8799
   3.3123     1.00  -2.6180
   6.7952     1.00   2.6180
   0.6043     1.00  -2.6180
  12.4892     1.00  -2.6179
  15.1380     1.00   2.6180
  10.9499     1.00  -2.6180
  16.4151     1.00   2.6180
   2.6666     1.00   1.7440
   0.5390     1.00   1.7439
  11.2746     1.00   1.7477
   8.7244     1.00   1.7464
   7.6805     1.00   0.3356
   7.6096     1.00   2.7925
  11.3344     3.00   1.5703
  12.7351     1.00   2.6180
   9.8653     1.00   0.0006
  11.4972     2.00   3.1416
  13.3603     3.00   0.0040
  11.4829     2.00   0.0029
