   0.000   0.37996700
   0.005   0.37996600
   0.010   0.37996300
   0.015   0.37995800
   0.020   0.37995100
   0.025   0.37994200
   0.030   0.37993000
   0.035   0.37991700
   0.040   0.37990200
   0.045   0.37988400
   0.050   0.37986400
   0.055   0.37984300
   0.060   0.37981900
   0.065   0.37979300
   0.070   0.37976600
   0.075   0.37973600
   0.080   0.37970400
   0.085   0.37967000
   0.090   0.37963400
   0.095   0.37959600
   0.100   0.37955600
   0.105   0.37951400
   0.110   0.37946900
   0.115   0.37942300
   0.120   0.37937500
   0.125   0.37932500
   0.130   0.37927200
   0.135   0.37921800
   0.140   0.37916100
   0.145   0.37910300
   0.150   0.37904200
   0.155   0.37898000
   0.160   0.37891500
   0.165   0.37884900
   0.170   0.37878000
   0.175   0.37870900
   0.180   0.37863700
   0.185   0.37856200
   0.190   0.37848500
   0.195   0.37840700
   0.200   0.37832600
   0.205   0.37824300
   0.210   0.37815800
   0.215   0.37807200
   0.220   0.37798300
   0.225   0.37789200
   0.230   0.37779900
   0.235   0.37770400
   0.240   0.37760800
   0.245   0.37750900
   0.250   0.37740800
   0.255   0.37730500
   0.260   0.37720100
   0.265   0.37709400
   0.270   0.37698500
   0.275   0.37687500
   0.280   0.37676200
   0.285   0.37664800
   0.290   0.37653100
   0.295   0.37641300
   0.300   0.37629200
   0.305   0.37617000
   0.310   0.37604600
   0.315   0.37591900
   0.320   0.37579100
   0.325   0.37566100
   0.330   0.37552900
   0.335   0.37539500
   0.340   0.37525900
   0.345   0.37512100
   0.350   0.37498100
   0.355   0.37484000
   0.360   0.37469600
   0.365   0.37455100
   0.370   0.37440300
   0.375   0.37425400
   0.380   0.37410300
   0.385   0.37395000
   0.390   0.37379500
   0.395   0.37363800
   0.400   0.37347900
   0.405   0.37331900
   0.410   0.37315600
   0.415   0.37299200
   0.420   0.37282600
   0.425   0.37265800
   0.430   0.37248800
   0.435   0.37231600
   0.440   0.37214300
   0.445   0.37196700
   0.450   0.37179000
   0.455   0.37161100
   0.460   0.37143100
   0.465   0.37124800
   0.470   0.37106400
   0.475   0.37087700
   0.480   0.37068900
   0.485   0.37050000
   0.490   0.37030800
   0.495   0.37011500
   0.500   0.36992000
   0.505   0.36972300
   0.510   0.36952400
   0.515   0.36932400
   0.520   0.36912200
   0.525   0.36891800
   0.530   0.36871200
   0.535   0.36850500
   0.540   0.36829600
   0.545   0.36808500
   0.550   0.36787200
   0.555   0.36765800
   0.560   0.36744200
   0.565   0.36722500
   0.570   0.36700500
   0.575   0.36678400
   0.580   0.36656200
   0.585   0.36633700
   0.590   0.36611100
   0.595   0.36588400
   0.600   0.36565400
   0.605   0.36542300
   0.610   0.36519100
   0.615   0.36495700
   0.620   0.36472100
   0.625   0.36448300
   0.630   0.36424400
   0.635   0.36400300
   0.640   0.36376100
   0.645   0.36351700
   0.650   0.36327200
   0.655   0.36302500
   0.660   0.36277600
   0.665   0.36252600
   0.670   0.36227400
   0.675   0.36202100
   0.680   0.36176600
   0.685   0.36151000
   0.690   0.36125200
   0.695   0.36099200
   0.700   0.36073100
   0.705   0.36046900
   0.710   0.36020500
   0.715   0.35993900
   0.720   0.35967200
   0.725   0.35940400
   0.730   0.35913400
   0.735   0.35886300
   0.740   0.35859000
   0.745   0.35831600
   0.750   0.35804000
   0.755   0.35776300
   0.760   0.35748400
   0.765   0.35720400
   0.770   0.35692200
   0.775   0.35664000
   0.780   0.35635500
   0.785   0.35607000
   0.790   0.35578300
   0.795   0.35549400
   0.800   0.35520400
   0.805   0.35491300
   0.810   0.35462100
   0.815   0.35432700
   0.820   0.35403100
   0.825   0.35373500
   0.830   0.35343700
   0.835   0.35313800
   0.840   0.35283700
   0.845   0.35253500
   0.850   0.35223200
   0.855   0.35192800
   0.860   0.35162200
   0.865   0.35131500
   0.870   0.35100700
   0.875   0.35069800
   0.880   0.35038700
   0.885   0.35007500
   0.890   0.34976200
   0.895   0.34944700
   0.900   0.34913200
   0.905   0.34881500
   0.910   0.34849700
   0.915   0.34817700
   0.920   0.34785700
   0.925   0.34753500
   0.930   0.34721300
   0.935   0.34688900
   0.940   0.34656300
   0.945   0.34623700
   0.950   0.34591000
   0.955   0.34558100
   0.960   0.34525200
   0.965   0.34492100
   0.970   0.34458900
   0.975   0.34425600
   0.980   0.34392200
   0.985   0.34358700
   0.990   0.34325000
   0.995   0.34291300
