   0.000   0.24997900
   0.005   0.24997800
   0.010   0.24997600
   0.015   0.24997300
   0.020   0.24996800
   0.025   0.24996200
   0.030   0.24995400
   0.035   0.24994500
   0.040   0.24993500
   0.045   0.24992400
   0.050   0.24991100
   0.055   0.24989700
   0.060   0.24988100
   0.065   0.24986400
   0.070   0.24984600
   0.075   0.24982600
   0.080   0.24980500
   0.085   0.24978300
   0.090   0.24975900
   0.095   0.24973400
   0.100   0.24970800
   0.105   0.24968000
   0.110   0.24965100
   0.115   0.24962100
   0.120   0.24958900
   0.125   0.24955600
   0.130   0.24952100
   0.135   0.24948500
   0.140   0.24944800
   0.145   0.24941000
   0.150   0.24937000
   0.155   0.24932900
   0.160   0.24928600
   0.165   0.24924300
   0.170   0.24919700
   0.175   0.24915100
   0.180   0.24910300
   0.185   0.24905400
   0.190   0.24900300
   0.195   0.24895200
   0.200   0.24889900
   0.205   0.24884400
   0.210   0.24878800
   0.215   0.24873100
   0.220   0.24867300
   0.225   0.24861300
   0.230   0.24855200
   0.235   0.24849000
   0.240   0.24842600
   0.245   0.24836100
   0.250   0.24829500
   0.255   0.24822700
   0.260   0.24815800
   0.265   0.24808800
   0.270   0.24801700
   0.275   0.24794400
   0.280   0.24787000
   0.285   0.24779500
   0.290   0.24771800
   0.295   0.24764000
   0.300   0.24756100
   0.305   0.24748000
   0.310   0.24739800
   0.315   0.24731500
   0.320   0.24723100
   0.325   0.24714500
   0.330   0.24705800
   0.335   0.24697000
   0.340   0.24688100
   0.345   0.24679000
   0.350   0.24669800
   0.355   0.24660500
   0.360   0.24651100
   0.365   0.24641500
   0.370   0.24631800
   0.375   0.24622000
   0.380   0.24612000
   0.385   0.24601900
   0.390   0.24591800
   0.395   0.24581400
   0.400   0.24571000
   0.405   0.24560400
   0.410   0.24549700
   0.415   0.24538900
   0.420   0.24528000
   0.425   0.24517000
   0.430   0.24505800
   0.435   0.24494500
   0.440   0.24483100
   0.445   0.24471500
   0.450   0.24459900
   0.455   0.24448100
   0.460   0.24436200
   0.465   0.24424200
   0.470   0.24412100
   0.475   0.24399800
   0.480   0.24387500
   0.485   0.24375000
   0.490   0.24362400
   0.495   0.24349600
   0.500   0.24336800
   0.505   0.24323900
   0.510   0.24310800
   0.515   0.24297600
   0.520   0.24284300
   0.525   0.24270900
   0.530   0.24257400
   0.535   0.24243700
   0.540   0.24230000
   0.545   0.24216100
   0.550   0.24202100
   0.555   0.24188000
   0.560   0.24173800
   0.565   0.24159500
   0.570   0.24145100
   0.575   0.24130500
   0.580   0.24115900
   0.585   0.24101100
   0.590   0.24086300
   0.595   0.24071300
   0.600   0.24056200
   0.605   0.24041000
   0.610   0.24025700
   0.615   0.24010300
   0.620   0.23994800
   0.625   0.23979200
   0.630   0.23963400
   0.635   0.23947600
   0.640   0.23931700
   0.645   0.23915600
   0.650   0.23899500
   0.655   0.23883200
   0.660   0.23866800
   0.665   0.23850400
   0.670   0.23833800
   0.675   0.23817200
   0.680   0.23800400
   0.685   0.23783500
   0.690   0.23766600
   0.695   0.23749500
   0.700   0.23732300
   0.705   0.23715100
   0.710   0.23697700
   0.715   0.23680200
   0.720   0.23662700
   0.725   0.23645000
   0.730   0.23627200
   0.735   0.23609400
   0.740   0.23591400
   0.745   0.23573400
   0.750   0.23555200
   0.755   0.23537000
   0.760   0.23518700
   0.765   0.23500300
   0.770   0.23481700
   0.775   0.23463100
   0.780   0.23444400
   0.785   0.23425600
   0.790   0.23406700
   0.795   0.23387800
   0.800   0.23368700
   0.805   0.23349500
   0.810   0.23330300
   0.815   0.23311000
   0.820   0.23291500
   0.825   0.23272000
   0.830   0.23252400
   0.835   0.23232800
   0.840   0.23213000
   0.845   0.23193100
   0.850   0.23173200
   0.855   0.23153200
   0.860   0.23133000
   0.865   0.23112800
   0.870   0.23092600
   0.875   0.23072200
   0.880   0.23051800
   0.885   0.23031200
   0.890   0.23010600
   0.895   0.22989900
   0.900   0.22969200
   0.905   0.22948300
   0.910   0.22927400
   0.915   0.22906400
   0.920   0.22885300
   0.925   0.22864200
   0.930   0.22842900
   0.935   0.22821600
   0.940   0.22800200
   0.945   0.22778800
   0.950   0.22757200
   0.955   0.22735600
   0.960   0.22713900
   0.965   0.22692200
   0.970   0.22670300
   0.975   0.22648400
   0.980   0.22626400
   0.985   0.22604400
   0.990   0.22582300
   0.995   0.22560100
