   0.000   0.28997500
   0.005   0.28997400
   0.010   0.28997200
   0.015   0.28996800
   0.020   0.28996300
   0.025   0.28995600
   0.030   0.28994700
   0.035   0.28993700
   0.040   0.28992500
   0.045   0.28991200
   0.050   0.28989700
   0.055   0.28988000
   0.060   0.28986200
   0.065   0.28984200
   0.070   0.28982100
   0.075   0.28979800
   0.080   0.28977400
   0.085   0.28974800
   0.090   0.28972100
   0.095   0.28969200
   0.100   0.28966100
   0.105   0.28962900
   0.110   0.28959500
   0.115   0.28956000
   0.120   0.28952300
   0.125   0.28948500
   0.130   0.28944500
   0.135   0.28940300
   0.140   0.28936000
   0.145   0.28931500
   0.150   0.28926900
   0.155   0.28922100
   0.160   0.28917200
   0.165   0.28912100
   0.170   0.28906900
   0.175   0.28901500
   0.180   0.28896000
   0.185   0.28890300
   0.190   0.28884400
   0.195   0.28878400
   0.200   0.28872200
   0.205   0.28865900
   0.210   0.28859400
   0.215   0.28852800
   0.220   0.28846100
   0.225   0.28839100
   0.230   0.28832000
   0.235   0.28824800
   0.240   0.28817400
   0.245   0.28809900
   0.250   0.28802200
   0.255   0.28794400
   0.260   0.28786400
   0.265   0.28778200
   0.270   0.28769900
   0.275   0.28761500
   0.280   0.28752900
   0.285   0.28744200
   0.290   0.28735300
   0.295   0.28726200
   0.300   0.28717000
   0.305   0.28707700
   0.310   0.28698200
   0.315   0.28688600
   0.320   0.28678800
   0.325   0.28668900
   0.330   0.28658800
   0.335   0.28648600
   0.340   0.28638200
   0.345   0.28627700
   0.350   0.28617000
   0.355   0.28606200
   0.360   0.28595200
   0.365   0.28584100
   0.370   0.28572900
   0.375   0.28561500
   0.380   0.28549900
   0.385   0.28538300
   0.390   0.28526400
   0.395   0.28514500
   0.400   0.28502400
   0.405   0.28490100
   0.410   0.28477700
   0.415   0.28465200
   0.420   0.28452500
   0.425   0.28439700
   0.430   0.28426700
   0.435   0.28413600
   0.440   0.28400400
   0.445   0.28387000
   0.450   0.28373500
   0.455   0.28359800
   0.460   0.28346000
   0.465   0.28332100
   0.470   0.28318000
   0.475   0.28303800
   0.480   0.28289400
   0.485   0.28275000
   0.490   0.28260300
   0.495   0.28245600
   0.500   0.28230700
   0.505   0.28215700
   0.510   0.28200500
   0.515   0.28185200
   0.520   0.28169800
   0.525   0.28154200
   0.530   0.28138500
   0.535   0.28122700
   0.540   0.28106800
   0.545   0.28090700
   0.550   0.28074500
   0.555   0.28058100
   0.560   0.28041600
   0.565   0.28025000
   0.570   0.28008300
   0.575   0.27991400
   0.580   0.27974400
   0.585   0.27957300
   0.590   0.27940100
   0.595   0.27922700
   0.600   0.27905200
   0.605   0.27887600
   0.610   0.27869800
   0.615   0.27851900
   0.620   0.27833900
   0.625   0.27815800
   0.630   0.27797600
   0.635   0.27779200
   0.640   0.27760700
   0.645   0.27742100
   0.650   0.27723400
   0.655   0.27704500
   0.660   0.27685500
   0.665   0.27666500
   0.670   0.27647200
   0.675   0.27627900
   0.680   0.27608500
   0.685   0.27588900
   0.690   0.27569200
   0.695   0.27549400
   0.700   0.27529500
   0.705   0.27509500
   0.710   0.27489300
   0.715   0.27469100
   0.720   0.27448700
   0.725   0.27428200
   0.730   0.27407600
   0.735   0.27386900
   0.740   0.27366100
   0.745   0.27345100
   0.750   0.27324100
   0.755   0.27302900
   0.760   0.27281700
   0.765   0.27260300
   0.770   0.27238800
   0.775   0.27217200
   0.780   0.27195500
   0.785   0.27173700
   0.790   0.27151800
   0.795   0.27129800
   0.800   0.27107700
   0.805   0.27085500
   0.810   0.27063100
   0.815   0.27040700
   0.820   0.27018200
   0.825   0.26995600
   0.830   0.26972800
   0.835   0.26950000
   0.840   0.26927100
   0.845   0.26904000
   0.850   0.26880900
   0.855   0.26857700
   0.860   0.26834300
   0.865   0.26810900
   0.870   0.26787400
   0.875   0.26763800
   0.880   0.26740000
   0.885   0.26716200
   0.890   0.26692300
   0.895   0.26668300
   0.900   0.26644300
   0.905   0.26620100
   0.910   0.26595800
   0.915   0.26571400
   0.920   0.26547000
   0.925   0.26522400
   0.930   0.26497800
   0.935   0.26473100
   0.940   0.26448300
   0.945   0.26423400
   0.950   0.26398400
   0.955   0.26373300
   0.960   0.26348100
   0.965   0.26322900
   0.970   0.26297600
   0.975   0.26272200
   0.980   0.26246700
   0.985   0.26221100
   0.990   0.26195400
   0.995   0.26169700
