0.0 0.369968
0.005 0.369967
0.01 0.369964
0.015 0.369959
0.02 0.369952
0.025 0.369943
0.03 0.369932
0.035 0.369919
0.04 0.369904
0.045 0.369887
0.05 0.369868
0.055 0.369847
0.06 0.369824
0.065 0.369799
0.07 0.369772
0.075 0.369743
0.08 0.369712
0.085 0.369679
0.09 0.369644
0.095 0.369607
0.1 0.369568
0.105 0.369526
0.11 0.369483
0.115 0.369438
0.12 0.369391
0.125 0.369342
0.13 0.369291
0.135 0.369238
0.14 0.369183
0.145 0.369127
0.15 0.369068
0.155 0.369007
0.16 0.368944
0.165 0.368879
0.17 0.368812
0.175 0.368743
0.18 0.368673
0.185 0.3686
0.19 0.368525
0.195 0.368449
0.2 0.36837
0.205 0.368289
0.21 0.368207
0.215 0.368122
0.22 0.368036
0.225 0.367947
0.23 0.367857
0.235 0.367765
0.24 0.367671
0.245 0.367574
0.25 0.367476
0.255 0.367376
0.26 0.367274
0.265 0.367171
0.27 0.367065
0.275 0.366957
0.28 0.366847
0.285 0.366736
0.29 0.366622
0.295 0.366507
0.3 0.36639
0.305 0.366271
0.31 0.36615
0.315 0.366027
0.32 0.365902
0.325 0.365775
0.33 0.365646
0.335 0.365516
0.34 0.365384
0.345 0.365249
0.35 0.365113
0.355 0.364975
0.36 0.364836
0.365 0.364694
0.37 0.36455
0.375 0.364405
0.38 0.364258
0.385 0.364109
0.39 0.363958
0.395 0.363805
0.4 0.363651
0.405 0.363494
0.41 0.363336
0.415 0.363176
0.42 0.363015
0.425 0.362851
0.43 0.362686
0.435 0.362518
0.44 0.36235
0.445 0.362179
0.45 0.362006
0.455 0.361832
0.46 0.361656
0.465 0.361478
0.47 0.361299
0.475 0.361117
0.48 0.360934
0.485 0.36075
0.49 0.360563
0.495 0.360375
0.5 0.360185
0.505 0.359993
0.51 0.3598
0.515 0.359605
0.52 0.359408
0.525 0.359209
0.53 0.359009
0.535 0.358807
0.54 0.358604
0.545 0.358398
0.55 0.358191
0.555 0.357983
0.56 0.357773
0.565 0.357561
0.57 0.357347
0.575 0.357132
0.58 0.356915
0.585 0.356697
0.59 0.356477
0.595 0.356255
0.6 0.356032
0.605 0.355807
0.61 0.35558
0.615 0.355352
0.62 0.355123
0.625 0.354892
0.63 0.354659
0.635 0.354424
0.64 0.354188
0.645 0.353951
0.65 0.353712
0.655 0.353471
0.66 0.353229
0.665 0.352986
0.67 0.352741
0.675 0.352494
0.68 0.352246
0.685 0.351996
0.69 0.351745
0.695 0.351492
0.7 0.351238
0.705 0.350983
0.71 0.350726
0.715 0.350467
0.72 0.350207
0.725 0.349946
0.73 0.349683
0.735 0.349419
0.74 0.349153
0.745 0.348886
0.75 0.348618
0.755 0.348348
0.76 0.348076
0.765 0.347804
0.77 0.34753
0.775 0.347254
0.78 0.346978
0.785 0.346699
0.79 0.34642
0.795 0.346139
0.8 0.345857
0.805 0.345573
0.81 0.345288
0.815 0.345002
0.82 0.344715
0.825 0.344426
0.83 0.344136
0.835 0.343845
0.84 0.343552
0.845 0.343258
0.85 0.342963
0.855 0.342667
0.86 0.342369
0.865 0.34207
0.87 0.34177
0.875 0.341469
0.88 0.341166
0.885 0.340862
0.89 0.340557
0.895 0.340251
0.9 0.339944
0.905 0.339635
0.91 0.339326
0.915 0.339015
0.92 0.338703
0.925 0.33839
0.93 0.338075
0.935 0.33776
0.94 0.337443
0.945 0.337126
0.95 0.336807
0.955 0.336487
0.96 0.336166
0.965 0.335844
0.97 0.335521
0.975 0.335197
0.98 0.334871
0.985 0.334545
0.99 0.334218
0.995 0.333889
