0.0 0.399966
0.005 0.399965
0.01 0.399961
0.015 0.399956
0.02 0.399948
0.025 0.399939
0.03 0.399927
0.035 0.399913
0.04 0.399896
0.045 0.399878
0.05 0.399857
0.055 0.399835
0.06 0.39981
0.065 0.399783
0.07 0.399753
0.075 0.399722
0.08 0.399688
0.085 0.399653
0.09 0.399615
0.095 0.399575
0.1 0.399532
0.105 0.399488
0.11 0.399442
0.115 0.399393
0.12 0.399342
0.125 0.399289
0.13 0.399234
0.135 0.399177
0.14 0.399117
0.145 0.399056
0.15 0.398992
0.155 0.398926
0.16 0.398858
0.165 0.398788
0.17 0.398716
0.175 0.398641
0.18 0.398565
0.185 0.398486
0.19 0.398406
0.195 0.398323
0.2 0.398238
0.205 0.398151
0.21 0.398061
0.215 0.39797
0.22 0.397877
0.225 0.397781
0.23 0.397683
0.235 0.397584
0.24 0.397482
0.245 0.397378
0.25 0.397272
0.255 0.397164
0.26 0.397053
0.265 0.396941
0.27 0.396827
0.275 0.39671
0.28 0.396592
0.285 0.396471
0.29 0.396349
0.295 0.396224
0.3 0.396097
0.305 0.395968
0.31 0.395837
0.315 0.395704
0.32 0.39557
0.325 0.395433
0.33 0.395293
0.335 0.395152
0.34 0.395009
0.345 0.394864
0.35 0.394717
0.355 0.394568
0.36 0.394417
0.365 0.394264
0.37 0.394109
0.375 0.393951
0.38 0.393792
0.385 0.393631
0.39 0.393468
0.395 0.393303
0.4 0.393136
0.405 0.392967
0.41 0.392796
0.415 0.392623
0.42 0.392448
0.425 0.392271
0.43 0.392093
0.435 0.391912
0.44 0.391729
0.445 0.391545
0.45 0.391358
0.455 0.39117
0.46 0.390979
0.465 0.390787
0.47 0.390593
0.475 0.390397
0.48 0.390199
0.485 0.39
0.49 0.389798
0.495 0.389594
0.5 0.389389
0.505 0.389182
0.51 0.388973
0.515 0.388762
0.52 0.388549
0.525 0.388334
0.53 0.388118
0.535 0.3879
0.54 0.38768
0.545 0.387458
0.55 0.387234
0.555 0.387008
0.56 0.386781
0.565 0.386552
0.57 0.386321
0.575 0.386089
0.58 0.385854
0.585 0.385618
0.59 0.38538
0.595 0.385141
0.6 0.384899
0.605 0.384656
0.61 0.384411
0.615 0.384165
0.62 0.383917
0.625 0.383667
0.63 0.383415
0.635 0.383162
0.64 0.382906
0.645 0.38265
0.65 0.382391
0.655 0.382131
0.66 0.38187
0.665 0.381606
0.67 0.381341
0.675 0.381075
0.68 0.380806
0.685 0.380536
0.69 0.380265
0.695 0.379992
0.7 0.379717
0.705 0.379441
0.71 0.379163
0.715 0.378884
0.72 0.378603
0.725 0.37832
0.73 0.378036
0.735 0.37775
0.74 0.377463
0.745 0.377174
0.75 0.376884
0.755 0.376592
0.76 0.376299
0.765 0.376004
0.77 0.375708
0.775 0.37541
0.78 0.375111
0.785 0.37481
0.79 0.374508
0.795 0.374204
0.8 0.373899
0.805 0.373593
0.81 0.373285
0.815 0.372975
0.82 0.372665
0.825 0.372353
0.83 0.372039
0.835 0.371724
0.84 0.371408
0.845 0.37109
0.85 0.370771
0.855 0.37045
0.86 0.370129
0.865 0.369806
0.87 0.369481
0.875 0.369155
0.88 0.368828
0.885 0.3685
0.89 0.36817
0.895 0.367839
0.9 0.367507
0.905 0.367173
0.91 0.366839
0.915 0.366503
0.92 0.366165
0.925 0.365827
0.93 0.365487
0.935 0.365146
0.94 0.364804
0.945 0.36446
0.95 0.364116
0.955 0.36377
0.96 0.363423
0.965 0.363075
0.97 0.362725
0.975 0.362375
0.98 0.362023
0.985 0.36167
0.99 0.361316
0.995 0.360961
