   0.000   0.38996700
   0.005   0.38996600
   0.010   0.38996200
   0.015   0.38995700
   0.020   0.38995000
   0.025   0.38994000
   0.030   0.38992900
   0.035   0.38991500
   0.040   0.38989900
   0.045   0.38988100
   0.050   0.38986100
   0.055   0.38983900
   0.060   0.38981400
   0.065   0.38978800
   0.070   0.38975900
   0.075   0.38972900
   0.080   0.38969600
   0.085   0.38966100
   0.090   0.38962400
   0.095   0.38958500
   0.100   0.38954400
   0.105   0.38950100
   0.110   0.38945600
   0.115   0.38940800
   0.120   0.38935900
   0.125   0.38930700
   0.130   0.38925300
   0.135   0.38919700
   0.140   0.38913900
   0.145   0.38907900
   0.150   0.38901700
   0.155   0.38895300
   0.160   0.38888700
   0.165   0.38881800
   0.170   0.38874800
   0.175   0.38867500
   0.180   0.38860100
   0.185   0.38852400
   0.190   0.38844500
   0.195   0.38836500
   0.200   0.38828200
   0.205   0.38819700
   0.210   0.38811000
   0.215   0.38802100
   0.220   0.38793000
   0.225   0.38783700
   0.230   0.38774100
   0.235   0.38764400
   0.240   0.38754500
   0.245   0.38744300
   0.250   0.38734000
   0.255   0.38723500
   0.260   0.38712700
   0.265   0.38701800
   0.270   0.38690600
   0.275   0.38679300
   0.280   0.38667700
   0.285   0.38655900
   0.290   0.38644000
   0.295   0.38631800
   0.300   0.38619500
   0.305   0.38606900
   0.310   0.38594100
   0.315   0.38581200
   0.320   0.38568000
   0.325   0.38554700
   0.330   0.38541100
   0.335   0.38527400
   0.340   0.38513400
   0.345   0.38499300
   0.350   0.38484900
   0.355   0.38470400
   0.360   0.38455600
   0.365   0.38440700
   0.370   0.38425600
   0.375   0.38410300
   0.380   0.38394700
   0.385   0.38379000
   0.390   0.38363100
   0.395   0.38347000
   0.400   0.38330800
   0.405   0.38314300
   0.410   0.38297600
   0.415   0.38280700
   0.420   0.38263700
   0.425   0.38246500
   0.430   0.38229000
   0.435   0.38211400
   0.440   0.38193600
   0.445   0.38175600
   0.450   0.38157400
   0.455   0.38139100
   0.460   0.38120500
   0.465   0.38101800
   0.470   0.38082800
   0.475   0.38063700
   0.480   0.38044400
   0.485   0.38025000
   0.490   0.38005300
   0.495   0.37985500
   0.500   0.37965400
   0.505   0.37945200
   0.510   0.37924800
   0.515   0.37904300
   0.520   0.37883500
   0.525   0.37862600
   0.530   0.37841500
   0.535   0.37820200
   0.540   0.37798800
   0.545   0.37777100
   0.550   0.37755300
   0.555   0.37733300
   0.560   0.37711200
   0.565   0.37688800
   0.570   0.37666300
   0.575   0.37643600
   0.580   0.37620800
   0.585   0.37597800
   0.590   0.37574600
   0.595   0.37551200
   0.600   0.37527700
   0.605   0.37504000
   0.610   0.37480100
   0.615   0.37456100
   0.620   0.37431900
   0.625   0.37407500
   0.630   0.37382900
   0.635   0.37358200
   0.640   0.37333400
   0.645   0.37308400
   0.650   0.37283200
   0.655   0.37257800
   0.660   0.37232300
   0.665   0.37206600
   0.670   0.37180800
   0.675   0.37154800
   0.680   0.37128600
   0.685   0.37102300
   0.690   0.37075800
   0.695   0.37049200
   0.700   0.37022400
   0.705   0.36995500
   0.710   0.36968400
   0.715   0.36941100
   0.720   0.36913700
   0.725   0.36886200
   0.730   0.36858500
   0.735   0.36830600
   0.740   0.36802600
   0.745   0.36774500
   0.750   0.36746200
   0.755   0.36717700
   0.760   0.36689100
   0.765   0.36660400
   0.770   0.36631500
   0.775   0.36602500
   0.780   0.36573300
   0.785   0.36544000
   0.790   0.36514500
   0.795   0.36484900
   0.800   0.36455200
   0.805   0.36425300
   0.810   0.36395300
   0.815   0.36365100
   0.820   0.36334800
   0.825   0.36304400
   0.830   0.36273800
   0.835   0.36243100
   0.840   0.36212200
   0.845   0.36181300
   0.850   0.36150200
   0.855   0.36118900
   0.860   0.36087500
   0.865   0.36056000
   0.870   0.36024400
   0.875   0.35992600
   0.880   0.35960800
   0.885   0.35928700
   0.890   0.35896600
   0.895   0.35864300
   0.900   0.35831900
   0.905   0.35799400
   0.910   0.35766800
   0.915   0.35734000
   0.920   0.35701100
   0.925   0.35668100
   0.930   0.35635000
   0.935   0.35601700
   0.940   0.35568400
   0.945   0.35534900
   0.950   0.35501300
   0.955   0.35467500
   0.960   0.35433700
   0.965   0.35399800
   0.970   0.35365700
   0.975   0.35331500
   0.980   0.35297200
   0.985   0.35262800
   0.990   0.35228300
   0.995   0.35193700
