   0.000   0.31997300
   0.005   0.31997200
   0.010   0.31996900
   0.015   0.31996500
   0.020   0.31995900
   0.025   0.31995100
   0.030   0.31994100
   0.035   0.31993000
   0.040   0.31991700
   0.045   0.31990200
   0.050   0.31988600
   0.055   0.31986800
   0.060   0.31984800
   0.065   0.31982600
   0.070   0.31980300
   0.075   0.31977800
   0.080   0.31975100
   0.085   0.31972200
   0.090   0.31969200
   0.095   0.31966000
   0.100   0.31962600
   0.105   0.31959000
   0.110   0.31955300
   0.115   0.31951400
   0.120   0.31947400
   0.125   0.31943100
   0.130   0.31938700
   0.135   0.31934100
   0.140   0.31929400
   0.145   0.31924500
   0.150   0.31919400
   0.155   0.31914100
   0.160   0.31908700
   0.165   0.31903000
   0.170   0.31897300
   0.175   0.31891300
   0.180   0.31885200
   0.185   0.31878900
   0.190   0.31872400
   0.195   0.31865800
   0.200   0.31859000
   0.205   0.31852000
   0.210   0.31844900
   0.215   0.31837600
   0.220   0.31830100
   0.225   0.31822500
   0.230   0.31814700
   0.235   0.31806700
   0.240   0.31798500
   0.245   0.31790200
   0.250   0.31781700
   0.255   0.31773100
   0.260   0.31764300
   0.265   0.31755300
   0.270   0.31746100
   0.275   0.31736800
   0.280   0.31727300
   0.285   0.31717700
   0.290   0.31707900
   0.295   0.31697900
   0.300   0.31687800
   0.305   0.31677500
   0.310   0.31667000
   0.315   0.31656400
   0.320   0.31645600
   0.325   0.31634600
   0.330   0.31623500
   0.335   0.31612200
   0.340   0.31600700
   0.345   0.31589100
   0.350   0.31577400
   0.355   0.31565400
   0.360   0.31553300
   0.365   0.31541100
   0.370   0.31528700
   0.375   0.31516100
   0.380   0.31503400
   0.385   0.31490500
   0.390   0.31477400
   0.395   0.31464200
   0.400   0.31450900
   0.405   0.31437400
   0.410   0.31423700
   0.415   0.31409800
   0.420   0.31395900
   0.425   0.31381700
   0.430   0.31367400
   0.435   0.31352900
   0.440   0.31338300
   0.445   0.31323600
   0.450   0.31308700
   0.455   0.31293600
   0.460   0.31278400
   0.465   0.31263000
   0.470   0.31247500
   0.475   0.31231800
   0.480   0.31215900
   0.485   0.31200000
   0.490   0.31183800
   0.495   0.31167500
   0.500   0.31151100
   0.505   0.31134500
   0.510   0.31117800
   0.515   0.31100900
   0.520   0.31083900
   0.525   0.31066700
   0.530   0.31049400
   0.535   0.31032000
   0.540   0.31014400
   0.545   0.30996600
   0.550   0.30978700
   0.555   0.30960700
   0.560   0.30942500
   0.565   0.30924200
   0.570   0.30905700
   0.575   0.30887100
   0.580   0.30868300
   0.585   0.30849500
   0.590   0.30830400
   0.595   0.30811300
   0.600   0.30791900
   0.605   0.30772500
   0.610   0.30752900
   0.615   0.30733200
   0.620   0.30713300
   0.625   0.30693300
   0.630   0.30673200
   0.635   0.30652900
   0.640   0.30632500
   0.645   0.30612000
   0.650   0.30591300
   0.655   0.30570500
   0.660   0.30549600
   0.665   0.30528500
   0.670   0.30507300
   0.675   0.30486000
   0.680   0.30464500
   0.685   0.30442900
   0.690   0.30421200
   0.695   0.30399300
   0.700   0.30377400
   0.705   0.30355300
   0.710   0.30333000
   0.715   0.30310700
   0.720   0.30288200
   0.725   0.30265600
   0.730   0.30242900
   0.735   0.30220000
   0.740   0.30197000
   0.745   0.30173900
   0.750   0.30150700
   0.755   0.30127400
   0.760   0.30103900
   0.765   0.30080300
   0.770   0.30056600
   0.775   0.30032800
   0.780   0.30008900
   0.785   0.29984800
   0.790   0.29960600
   0.795   0.29936300
   0.800   0.29911900
   0.805   0.29887400
   0.810   0.29862800
   0.815   0.29838000
   0.820   0.29813200
   0.825   0.29788200
   0.830   0.29763100
   0.835   0.29737900
   0.840   0.29712600
   0.845   0.29687200
   0.850   0.29661700
   0.855   0.29636000
   0.860   0.29610300
   0.865   0.29584400
   0.870   0.29558500
   0.875   0.29532400
   0.880   0.29506300
   0.885   0.29480000
   0.890   0.29453600
   0.895   0.29427100
   0.900   0.29400600
   0.905   0.29373900
   0.910   0.29347100
   0.915   0.29320200
   0.920   0.29293200
   0.925   0.29266100
   0.930   0.29238900
   0.935   0.29211700
   0.940   0.29184300
   0.945   0.29156800
   0.950   0.29129200
   0.955   0.29101600
   0.960   0.29073800
   0.965   0.29046000
   0.970   0.29018000
   0.975   0.28990000
   0.980   0.28961800
   0.985   0.28933600
   0.990   0.28905300
   0.995   0.28876900
