   0.000   0.26997700
   0.005   0.26997600
   0.010   0.26997400
   0.015   0.26997000
   0.020   0.26996500
   0.025   0.26995900
   0.030   0.26995100
   0.035   0.26994100
   0.040   0.26993000
   0.045   0.26991800
   0.050   0.26990400
   0.055   0.26988800
   0.060   0.26987200
   0.065   0.26985300
   0.070   0.26983300
   0.075   0.26981200
   0.080   0.26979000
   0.085   0.26976600
   0.090   0.26974000
   0.095   0.26971300
   0.100   0.26968400
   0.105   0.26965400
   0.110   0.26962300
   0.115   0.26959000
   0.120   0.26955600
   0.125   0.26952000
   0.130   0.26948300
   0.135   0.26944400
   0.140   0.26940400
   0.145   0.26936300
   0.150   0.26932000
   0.155   0.26927500
   0.160   0.26922900
   0.165   0.26918200
   0.170   0.26913300
   0.175   0.26908300
   0.180   0.26903100
   0.185   0.26897800
   0.190   0.26892400
   0.195   0.26886800
   0.200   0.26881000
   0.205   0.26875200
   0.210   0.26869100
   0.215   0.26863000
   0.220   0.26856700
   0.225   0.26850200
   0.230   0.26843600
   0.235   0.26836900
   0.240   0.26830000
   0.245   0.26823000
   0.250   0.26815800
   0.255   0.26808500
   0.260   0.26801100
   0.265   0.26793500
   0.270   0.26785800
   0.275   0.26777900
   0.280   0.26769900
   0.285   0.26761800
   0.290   0.26753500
   0.295   0.26745100
   0.300   0.26736600
   0.305   0.26727900
   0.310   0.26719000
   0.315   0.26710100
   0.320   0.26700900
   0.325   0.26691700
   0.330   0.26682300
   0.335   0.26672800
   0.340   0.26663100
   0.345   0.26653300
   0.350   0.26643400
   0.355   0.26633300
   0.360   0.26623100
   0.365   0.26612800
   0.370   0.26602300
   0.375   0.26591700
   0.380   0.26581000
   0.385   0.26570100
   0.390   0.26559100
   0.395   0.26548000
   0.400   0.26536700
   0.405   0.26525300
   0.410   0.26513700
   0.415   0.26502100
   0.420   0.26490300
   0.425   0.26478300
   0.430   0.26466200
   0.435   0.26454100
   0.440   0.26441700
   0.445   0.26429300
   0.450   0.26416700
   0.455   0.26404000
   0.460   0.26391100
   0.465   0.26378100
   0.470   0.26365000
   0.475   0.26351800
   0.480   0.26338500
   0.485   0.26325000
   0.490   0.26311400
   0.495   0.26297600
   0.500   0.26283800
   0.505   0.26269800
   0.510   0.26255700
   0.515   0.26241400
   0.520   0.26227100
   0.525   0.26212600
   0.530   0.26198000
   0.535   0.26183200
   0.540   0.26168400
   0.545   0.26153400
   0.550   0.26138300
   0.555   0.26123100
   0.560   0.26107700
   0.565   0.26092300
   0.570   0.26076700
   0.575   0.26061000
   0.580   0.26045200
   0.585   0.26029200
   0.590   0.26013200
   0.595   0.25997000
   0.600   0.25980700
   0.605   0.25964300
   0.610   0.25947800
   0.615   0.25931100
   0.620   0.25914400
   0.625   0.25897500
   0.630   0.25880500
   0.635   0.25863400
   0.640   0.25846200
   0.645   0.25828900
   0.650   0.25811400
   0.655   0.25793900
   0.660   0.25776200
   0.665   0.25758400
   0.670   0.25740500
   0.675   0.25722500
   0.680   0.25704400
   0.685   0.25686200
   0.690   0.25667900
   0.695   0.25649500
   0.700   0.25630900
   0.705   0.25612300
   0.710   0.25593500
   0.715   0.25574600
   0.720   0.25555700
   0.725   0.25536600
   0.730   0.25517400
   0.735   0.25498100
   0.740   0.25478700
   0.745   0.25459300
   0.750   0.25439700
   0.755   0.25420000
   0.760   0.25400200
   0.765   0.25380300
   0.770   0.25360300
   0.775   0.25340200
   0.780   0.25320000
   0.785   0.25299700
   0.790   0.25279300
   0.795   0.25258800
   0.800   0.25238200
   0.805   0.25217500
   0.810   0.25196700
   0.815   0.25175800
   0.820   0.25154900
   0.825   0.25133800
   0.830   0.25112600
   0.835   0.25091400
   0.840   0.25070000
   0.845   0.25048600
   0.850   0.25027000
   0.855   0.25005400
   0.860   0.24983700
   0.865   0.24961900
   0.870   0.24940000
   0.875   0.24918000
   0.880   0.24895900
   0.885   0.24873700
   0.890   0.24851500
   0.895   0.24829100
   0.900   0.24806700
   0.905   0.24784200
   0.910   0.24761600
   0.915   0.24738900
   0.920   0.24716200
   0.925   0.24693300
   0.930   0.24670400
   0.935   0.24647300
   0.940   0.24624200
   0.945   0.24601100
   0.950   0.24577800
   0.955   0.24554500
   0.960   0.24531000
   0.965   0.24507500
   0.970   0.24483900
   0.975   0.24460300
   0.980   0.24436600
   0.985   0.24412700
   0.990   0.24388900
   0.995   0.24364900
