   0.000   0.30997300
   0.005   0.30997300
   0.010   0.30997000
   0.015   0.30996600
   0.020   0.30996000
   0.025   0.30995200
   0.030   0.30994300
   0.035   0.30993200
   0.040   0.30992000
   0.045   0.30990500
   0.050   0.30988900
   0.055   0.30987200
   0.060   0.30985200
   0.065   0.30983100
   0.070   0.30980900
   0.075   0.30978400
   0.080   0.30975800
   0.085   0.30973100
   0.090   0.30970100
   0.095   0.30967000
   0.100   0.30963800
   0.105   0.30960300
   0.110   0.30956700
   0.115   0.30952900
   0.120   0.30949000
   0.125   0.30944900
   0.130   0.30940600
   0.135   0.30936200
   0.140   0.30931600
   0.145   0.30926800
   0.150   0.30921900
   0.155   0.30916800
   0.160   0.30911500
   0.165   0.30906100
   0.170   0.30900500
   0.175   0.30894700
   0.180   0.30888800
   0.185   0.30882700
   0.190   0.30876400
   0.195   0.30870000
   0.200   0.30863400
   0.205   0.30856700
   0.210   0.30849800
   0.215   0.30842700
   0.220   0.30835400
   0.225   0.30828000
   0.230   0.30820500
   0.235   0.30812700
   0.240   0.30804800
   0.245   0.30796800
   0.250   0.30788600
   0.255   0.30780200
   0.260   0.30771600
   0.265   0.30762900
   0.270   0.30754100
   0.275   0.30745000
   0.280   0.30735900
   0.285   0.30726500
   0.290   0.30717000
   0.295   0.30707300
   0.300   0.30697500
   0.305   0.30687500
   0.310   0.30677400
   0.315   0.30667100
   0.320   0.30656600
   0.325   0.30646000
   0.330   0.30635200
   0.335   0.30624300
   0.340   0.30613200
   0.345   0.30602000
   0.350   0.30590600
   0.355   0.30579000
   0.360   0.30567300
   0.365   0.30555400
   0.370   0.30543400
   0.375   0.30531200
   0.380   0.30518900
   0.385   0.30506400
   0.390   0.30493800
   0.395   0.30481000
   0.400   0.30468000
   0.405   0.30454900
   0.410   0.30441700
   0.415   0.30428300
   0.420   0.30414700
   0.425   0.30401000
   0.430   0.30387200
   0.435   0.30373200
   0.440   0.30359000
   0.445   0.30344700
   0.450   0.30330300
   0.455   0.30315700
   0.460   0.30300900
   0.465   0.30286000
   0.470   0.30271000
   0.475   0.30255800
   0.480   0.30240400
   0.485   0.30225000
   0.490   0.30209300
   0.495   0.30193600
   0.500   0.30177600
   0.505   0.30161600
   0.510   0.30145400
   0.515   0.30129000
   0.520   0.30112500
   0.525   0.30095900
   0.530   0.30079100
   0.535   0.30062200
   0.540   0.30045200
   0.545   0.30028000
   0.550   0.30010600
   0.555   0.29993200
   0.560   0.29975500
   0.565   0.29957800
   0.570   0.29939900
   0.575   0.29921900
   0.580   0.29903700
   0.585   0.29885400
   0.590   0.29867000
   0.595   0.29848400
   0.600   0.29829700
   0.605   0.29810900
   0.610   0.29791900
   0.615   0.29772800
   0.620   0.29753500
   0.625   0.29734200
   0.630   0.29714700
   0.635   0.29695000
   0.640   0.29675300
   0.645   0.29655400
   0.650   0.29635300
   0.655   0.29615200
   0.660   0.29594900
   0.665   0.29574500
   0.670   0.29553900
   0.675   0.29533300
   0.680   0.29512500
   0.685   0.29491600
   0.690   0.29470500
   0.695   0.29449400
   0.700   0.29428100
   0.705   0.29406700
   0.710   0.29385100
   0.715   0.29363500
   0.720   0.29341700
   0.725   0.29319800
   0.730   0.29297800
   0.735   0.29275600
   0.740   0.29253400
   0.745   0.29231000
   0.750   0.29208500
   0.755   0.29185900
   0.760   0.29163200
   0.765   0.29140300
   0.770   0.29117400
   0.775   0.29094300
   0.780   0.29071100
   0.785   0.29047800
   0.790   0.29024400
   0.795   0.29000800
   0.800   0.28977200
   0.805   0.28953400
   0.810   0.28929600
   0.815   0.28905600
   0.820   0.28881500
   0.825   0.28857300
   0.830   0.28833000
   0.835   0.28808600
   0.840   0.28784100
   0.845   0.28759500
   0.850   0.28734700
   0.855   0.28709900
   0.860   0.28685000
   0.865   0.28659900
   0.870   0.28634800
   0.875   0.28609500
   0.880   0.28584200
   0.885   0.28558700
   0.890   0.28533200
   0.895   0.28507500
   0.900   0.28481800
   0.905   0.28455900
   0.910   0.28430000
   0.915   0.28403900
   0.920   0.28377800
   0.925   0.28351600
   0.930   0.28325200
   0.935   0.28298800
   0.940   0.28272300
   0.945   0.28245700
   0.950   0.28219000
   0.955   0.28192200
   0.960   0.28165300
   0.965   0.28138300
   0.970   0.28111200
   0.975   0.28084000
   0.980   0.28056800
   0.985   0.28029400
   0.990   0.28002000
   0.995   0.27974500
