   0.000   0.39996600
   0.005   0.39996500
   0.010   0.39996100
   0.015   0.39995600
   0.020   0.39994800
   0.025   0.39993900
   0.030   0.39992700
   0.035   0.39991300
   0.040   0.39989600
   0.045   0.39987800
   0.050   0.39985700
   0.055   0.39983500
   0.060   0.39981000
   0.065   0.39978300
   0.070   0.39975300
   0.075   0.39972200
   0.080   0.39968800
   0.085   0.39965300
   0.090   0.39961500
   0.095   0.39957500
   0.100   0.39953200
   0.105   0.39948800
   0.110   0.39944200
   0.115   0.39939300
   0.120   0.39934200
   0.125   0.39928900
   0.130   0.39923400
   0.135   0.39917700
   0.140   0.39911700
   0.145   0.39905600
   0.150   0.39899200
   0.155   0.39892600
   0.160   0.39885800
   0.165   0.39878800
   0.170   0.39871600
   0.175   0.39864100
   0.180   0.39856500
   0.185   0.39848600
   0.190   0.39840600
   0.195   0.39832300
   0.200   0.39823800
   0.205   0.39815100
   0.210   0.39806100
   0.215   0.39797000
   0.220   0.39787700
   0.225   0.39778100
   0.230   0.39768300
   0.235   0.39758400
   0.240   0.39748200
   0.245   0.39737800
   0.250   0.39727200
   0.255   0.39716400
   0.260   0.39705300
   0.265   0.39694100
   0.270   0.39682700
   0.275   0.39671000
   0.280   0.39659200
   0.285   0.39647100
   0.290   0.39634900
   0.295   0.39622400
   0.300   0.39609700
   0.305   0.39596800
   0.310   0.39583700
   0.315   0.39570400
   0.320   0.39557000
   0.325   0.39543300
   0.330   0.39529300
   0.335   0.39515200
   0.340   0.39500900
   0.345   0.39486400
   0.350   0.39471700
   0.355   0.39456800
   0.360   0.39441700
   0.365   0.39426400
   0.370   0.39410900
   0.375   0.39395100
   0.380   0.39379200
   0.385   0.39363100
   0.390   0.39346800
   0.395   0.39330300
   0.400   0.39313600
   0.405   0.39296700
   0.410   0.39279600
   0.415   0.39262300
   0.420   0.39244800
   0.425   0.39227100
   0.430   0.39209300
   0.435   0.39191200
   0.440   0.39172900
   0.445   0.39154500
   0.450   0.39135800
   0.455   0.39117000
   0.460   0.39097900
   0.465   0.39078700
   0.470   0.39059300
   0.475   0.39039700
   0.480   0.39019900
   0.485   0.39000000
   0.490   0.38979800
   0.495   0.38959400
   0.500   0.38938900
   0.505   0.38918200
   0.510   0.38897300
   0.515   0.38876200
   0.520   0.38854900
   0.525   0.38833400
   0.530   0.38811800
   0.535   0.38790000
   0.540   0.38768000
   0.545   0.38745800
   0.550   0.38723400
   0.555   0.38700800
   0.560   0.38678100
   0.565   0.38655200
   0.570   0.38632100
   0.575   0.38608900
   0.580   0.38585400
   0.585   0.38561800
   0.590   0.38538000
   0.595   0.38514100
   0.600   0.38489900
   0.605   0.38465600
   0.610   0.38441100
   0.615   0.38416500
   0.620   0.38391700
   0.625   0.38366700
   0.630   0.38341500
   0.635   0.38316200
   0.640   0.38290600
   0.645   0.38265000
   0.650   0.38239100
   0.655   0.38213100
   0.660   0.38187000
   0.665   0.38160600
   0.670   0.38134100
   0.675   0.38107500
   0.680   0.38080600
   0.685   0.38053600
   0.690   0.38026500
   0.695   0.37999200
   0.700   0.37971700
   0.705   0.37944100
   0.710   0.37916300
   0.715   0.37888400
   0.720   0.37860300
   0.725   0.37832000
   0.730   0.37803600
   0.735   0.37775000
   0.740   0.37746300
   0.745   0.37717400
   0.750   0.37688400
   0.755   0.37659200
   0.760   0.37629900
   0.765   0.37600400
   0.770   0.37570800
   0.775   0.37541000
   0.780   0.37511100
   0.785   0.37481000
   0.790   0.37450800
   0.795   0.37420400
   0.800   0.37389900
   0.805   0.37359300
   0.810   0.37328500
   0.815   0.37297500
   0.820   0.37266500
   0.825   0.37235300
   0.830   0.37203900
   0.835   0.37172400
   0.840   0.37140800
   0.845   0.37109000
   0.850   0.37077100
   0.855   0.37045000
   0.860   0.37012900
   0.865   0.36980600
   0.870   0.36948100
   0.875   0.36915500
   0.880   0.36882800
   0.885   0.36850000
   0.890   0.36817000
   0.895   0.36783900
   0.900   0.36750700
   0.905   0.36717300
   0.910   0.36683900
   0.915   0.36650300
   0.920   0.36616500
   0.925   0.36582700
   0.930   0.36548700
   0.935   0.36514600
   0.940   0.36480400
   0.945   0.36446000
   0.950   0.36411600
   0.955   0.36377000
   0.960   0.36342300
   0.965   0.36307500
   0.970   0.36272500
   0.975   0.36237500
   0.980   0.36202300
   0.985   0.36167000
   0.990   0.36131600
   0.995   0.36096100
