   0.000   0.25997800
   0.005   0.25997700
   0.010   0.25997500
   0.015   0.25997100
   0.020   0.25996600
   0.025   0.25996000
   0.030   0.25995200
   0.035   0.25994300
   0.040   0.25993300
   0.045   0.25992100
   0.050   0.25990700
   0.055   0.25989200
   0.060   0.25987600
   0.065   0.25985900
   0.070   0.25984000
   0.075   0.25981900
   0.080   0.25979700
   0.085   0.25977400
   0.090   0.25975000
   0.095   0.25972400
   0.100   0.25969600
   0.105   0.25966700
   0.110   0.25963700
   0.115   0.25960500
   0.120   0.25957200
   0.125   0.25953800
   0.130   0.25950200
   0.135   0.25946500
   0.140   0.25942600
   0.145   0.25938600
   0.150   0.25934500
   0.155   0.25930200
   0.160   0.25925800
   0.165   0.25921200
   0.170   0.25916500
   0.175   0.25911700
   0.180   0.25906700
   0.185   0.25901600
   0.190   0.25896400
   0.195   0.25891000
   0.200   0.25885500
   0.205   0.25879800
   0.210   0.25874000
   0.215   0.25868100
   0.220   0.25862000
   0.225   0.25855800
   0.230   0.25849400
   0.235   0.25842900
   0.240   0.25836300
   0.245   0.25829600
   0.250   0.25822700
   0.255   0.25815600
   0.260   0.25808500
   0.265   0.25801200
   0.270   0.25793700
   0.275   0.25786200
   0.280   0.25778500
   0.285   0.25770600
   0.290   0.25762700
   0.295   0.25754500
   0.300   0.25746300
   0.305   0.25737900
   0.310   0.25729400
   0.315   0.25720800
   0.320   0.25712000
   0.325   0.25703100
   0.330   0.25694100
   0.335   0.25684900
   0.340   0.25675600
   0.345   0.25666200
   0.350   0.25656600
   0.355   0.25646900
   0.360   0.25637100
   0.365   0.25627100
   0.370   0.25617100
   0.375   0.25606800
   0.380   0.25596500
   0.385   0.25586000
   0.390   0.25575400
   0.395   0.25564700
   0.400   0.25553800
   0.405   0.25542900
   0.410   0.25531700
   0.415   0.25520500
   0.420   0.25509100
   0.425   0.25497600
   0.430   0.25486000
   0.435   0.25474300
   0.440   0.25462400
   0.445   0.25450400
   0.450   0.25438300
   0.455   0.25426000
   0.460   0.25413700
   0.465   0.25401200
   0.470   0.25388600
   0.475   0.25375800
   0.480   0.25363000
   0.485   0.25350000
   0.490   0.25336900
   0.495   0.25323600
   0.500   0.25310300
   0.505   0.25296800
   0.510   0.25283200
   0.515   0.25269500
   0.520   0.25255700
   0.525   0.25241700
   0.530   0.25227700
   0.535   0.25213500
   0.540   0.25199200
   0.545   0.25184700
   0.550   0.25170200
   0.555   0.25155600
   0.560   0.25140800
   0.565   0.25125900
   0.570   0.25110900
   0.575   0.25095800
   0.580   0.25080500
   0.585   0.25065200
   0.590   0.25049700
   0.595   0.25034100
   0.600   0.25018500
   0.605   0.25002700
   0.610   0.24986700
   0.615   0.24970700
   0.620   0.24954600
   0.625   0.24938300
   0.630   0.24922000
   0.635   0.24905500
   0.640   0.24888900
   0.645   0.24872200
   0.650   0.24855400
   0.655   0.24838500
   0.660   0.24821500
   0.665   0.24804400
   0.670   0.24787200
   0.675   0.24769800
   0.680   0.24752400
   0.685   0.24734900
   0.690   0.24717200
   0.695   0.24699500
   0.700   0.24681600
   0.705   0.24663700
   0.710   0.24645600
   0.715   0.24627400
   0.720   0.24609200
   0.725   0.24590800
   0.730   0.24572300
   0.735   0.24553800
   0.740   0.24535100
   0.745   0.24516300
   0.750   0.24497500
   0.755   0.24478500
   0.760   0.24459400
   0.765   0.24440300
   0.770   0.24421000
   0.775   0.24401700
   0.780   0.24382200
   0.785   0.24362700
   0.790   0.24343000
   0.795   0.24323300
   0.800   0.24303500
   0.805   0.24283500
   0.810   0.24263500
   0.815   0.24243400
   0.820   0.24223200
   0.825   0.24202900
   0.830   0.24182500
   0.835   0.24162100
   0.840   0.24141500
   0.845   0.24120800
   0.850   0.24100100
   0.855   0.24079300
   0.860   0.24058400
   0.865   0.24037400
   0.870   0.24016300
   0.875   0.23995100
   0.880   0.23973800
   0.885   0.23952500
   0.890   0.23931100
   0.895   0.23909500
   0.900   0.23888000
   0.905   0.23866300
   0.910   0.23844500
   0.915   0.23822700
   0.920   0.23800700
   0.925   0.23778700
   0.930   0.23756600
   0.935   0.23734500
   0.940   0.23712200
   0.945   0.23689900
   0.950   0.23667500
   0.955   0.23645000
   0.960   0.23622500
   0.965   0.23599800
   0.970   0.23577100
   0.975   0.23554400
   0.980   0.23531500
   0.985   0.23508600
   0.990   0.23485600
   0.995   0.23462500
